2300
8052.308830318218 3968.3115963331848
6161.037642910644 3596.9797315811525
5373.8981519091185 7080.919061326021
2198.627321900366 1946.5200094126956
2301.9416107626976 6645.354485984013
1963.080891772021 349.16111347142345
3170.115471276679 6766.343419925474
2468.0436136287353 8996.340570618939
8130.360271781383 785.8023997991204
2475.5270820782184 4703.066783005316
6530.78118660544 7171.920760176093
24.661398711812723 2571.485951428921
7291.918201709101 1542.4707767978907
2409.3132385620574 6803.835154683305
1834.1707715802258 7469.38749555322
9941.328812879587 9978.156539612231
1066.8465320263176 765.3915899480002
1484.6798365665436 5672.612750048651
2339.406394978275 7185.426504287532
1919.8870701928417 1255.650605821773
4466.407885787776 2399.6689799474448
4831.226015625186 2567.636610175985
6757.436873556164 8746.873076928243
110.53441430933786 9324.782060025296
3092.0652600897415 7988.5858710021585
5890.627988893088 8478.201317210785
2072.761098320459 3597.951957419112
4881.851466618007 7179.596398299316
3487.2758432895503 4802.424189273933
7343.9242449219455 9485.545262696165
5090.100491254046 8851.405496489695
3579.3061996384345 7811.481297400466
6885.819043225966 4650.661377827358
5467.433739070684 9662.998175611727
2568.956841185749 7456.810832902212
9632.443995383363 2058.3266657117692
8123.334211026835 9532.72414080751
9659.482938946592 9756.879510288483
8209.387014628122 6484.5232805647565
9424.184669596936 9318.393485670993
1141.569221107338 6006.618047612114
6005.626544294794 4647.081963720345
9540.334880371449 3764.228194490472
7653.308362504982 7353.549913294864
3698.23932110416 3493.976046433295
3839.57180646194 9696.720576372347
5130.689348156751 3093.492968893581
6471.651425550328 9932.841465337002
6326.161133895632 5335.561852984048
1448.1378924888388 1280.9808344355865
6341.063252970693 3682.5722333827916
6066.891178809954 3401.3368522043465
2654.40598796148 7080.495895866278
5209.042170377545 1680.939490288058
3200.456986400174 2654.9016394653436
9044.473939634667 691.849734128932
4441.495110776321 3608.185421797928
2940.1350842371876 346.0136982626749
9599.774745907698 9977.1938935208
2317.4597910002503 9855.449586959905
8554.37523293552 143.35810756526013
5668.262269824131 5779.900440736068
2708.7114478927774 3018.177215336103
7126.7467070595 191.33709708137326
2131.287375563886 3490.5939339531965
2455.573948215679 4764.352945288796
6004.5615863008325 9754.417115732014
798.9225449271497 2416.6966630109687
1800.7690644820484 9861.867228784358
1902.8574528251218 2384.5005149469303
2070.1971225838965 9246.976379604961
4940.61357082537 1982.7044467090836
3537.576687330439 8824.689608437828
6963.579787576097 6751.62715664075
181.67712648936686 7277.797468226602
478.2732579247539 8017.628530156809
3888.120990527488 4310.080025783228
7353.033717246478 6378.2883703911675
7549.132388807421 3319.375408403107
6073.977797817639 1500.2857980474714
8583.440543166942 9866.582659124084
3244.9897789974157 3019.6267269386267
7040.079107933073 8702.423541109581
439.94495004661127 8468.496234221955
2313.8535501172532 3895.1443740139457
7103.9470253137215 1715.2435176846602
3170.2685187540615 9247.320381185395
4721.544430828937 9688.61938299066
4881.162869389441 1342.5675148044702
2898.138202922725 8147.570793764678
3849.1624449076676 8445.985616686035
4552.46282936698 2711.6863145402904
9892.512748899255 9795.288106467855
9258.371476717622 5627.250799577387
3754.272926481652 9868.980310548097
4313.7584269053905 7375.686712137322
2390.84503137903 4282.392697007914
9850.623718481662 4863.549169374932
7345.483588071905 5026.313624118726
2568.565570391418 4031.70229427944
4031.494649966463 2279.4818467185387
6260.46925701979 802.5378706078312
7966.956744560532 9168.557410718111
8217.376140798038 1169.1880814654287
1494.2747945111557 6831.0958267146025
239.94904650345484 2574.1482301726182
5063.107590065681 262.7052662465878
1206.090245302377 115.26655664436115
7957.484709417449 8977.375869982945
1366.9956020704922 7862.761543832036
2430.788064940137 1808.6666101212222
8587.68320592741 1153.9272435825976
6563.931384626701 7334.093206924695
3289.124242192376 9411.273836941209
8756.852659887398 5280.017859692777
9823.937597895248 1298.102098204813
6394.95391964634 6667.683164418301
7273.274485732311 7177.08207392108
2509.936269812064 5859.1234909613695
1580.5278677062206 8598.391320620842
1876.8066263419757 69.71869346672044
6651.193179251919 6080.912890160305
5074.082184402993 5955.714201863916
1467.4802343256854 305.5490285503393
8598.332398044027 8386.276604318573
454.31604755452605 9862.87715491763
810.5109374694019 2239.5434183462016
7915.685527714519 9409.407164090744
2082.171932535607 1220.0256366634899
2711.7661620380172 4111.242031983641
1149.4025849061784 148.12548338907217
6650.817598610203 1541.1814746781927
3570.7299988895493 1171.1750638969631
8159.833757267929 8922.168838597672
3137.667150475859 4875.499206331476
8814.755602203479 7264.813381946221
30.29171381549789 8998.144969908726
2790.46877326518 8052.240944024131
7531.96220341596 6479.663877242886
3238.3766025631567 9492.895918386173
8586.965793050009 8000.1128885832495
2275.7243640193537 8475.984611530876
3098.5875358820113 2496.8722712247372
8484.395752659335 4334.253859873673
409.1523292924593 4682.480023626353
226.93971375712607 1997.9602388288365
6975.33290663873 9551.652016982622
3491.687430000425 7065.853665911138
7773.231590382885 2207.042086372114
4351.125736489814 3803.855245721539
8704.82765923066 7948.565388303803
790.5000718690492 1604.6845343894245
1644.7980764954518 3.6823656176199204
137.063517415984 2185.001181939422
7136.154673255773 5883.771594912602
7796.88209193081 7099.009447774929
3711.869210851787 5419.820571598278
4616.063186456208 6234.195895333419
8254.64948201349 4037.4784755299866
7163.253616265235 2424.07844685671
4649.1263572804355 2446.8804015079513
119.31179493797073 5551.542152988755
5450.741630166459 8022.553426874797
353.60803030147105 1871.7197092316362
4607.533480708144 916.78792036196
4584.879455877692 4182.688154466861
2544.087502405733 1046.4362129953674
5802.264956761417 6957.090672673319
7100.562823836144 5023.741085697371
3862.543779052584 7900.238966265522
5799.797815477059 597.0214174042377
8095.4972038226815 3737.7323097004155
1877.4625634501995 6882.478349035758
562.1760340201332 7469.267566326714
2851.7823845852317 3795.11560286927
2351.7484411944447 1349.0135939381853
6812.642898921717 9262.342196240146
5957.275007767586 2521.489261757489
3948.934848063914 6753.723036903165
5223.713498032443 5520.81271164194
2192.8353448930484 386.00542236220116
2206.0795046952508 3391.1041707052636
4056.766907570323 4131.903786410271
716.8182317275817 3787.38926311047
627.2982135134187 5322.597437864706
9134.303576706097 96.28084468372266
7402.534743567821 1330.9056738995039
4633.035811856502 1151.177798923181
9138.293473262167 1719.0020340205403
5816.800725180629 8133.808748236174
4213.808615278902 324.3436640988517
547.1446563086513 2129.5482259768683
2243.181893533818 9713.992318101464
591.430176028973 3056.6278129543025
8423.276629495327 4672.767111089494
2502.444540762161 9159.349128505522
5588.909336722876 2928.768480360241
6256.809295351525 226.7421163072636
6622.960393696664 2830.953670348334
8956.515594612416 5281.289616787019
7664.429263835134 1327.600243489695
7618.235120603829 579.7420125921838
5857.314865224951 5857.706951983612
8222.867685995925 6662.268411983946
1684.0222221468548 9387.108905509185
2678.884409823703 2238.871640121033
9962.55221223957 328.068993231676
322.56902533016495 8921.902074322055
1715.4841060659787 8257.328098741486
9471.72049896745 7678.506911665402
5936.854141130366 50.42019931435382
8507.241554722616 3081.289225938574
861.6737998284152 890.0982641558363
7354.806327870895 6567.427466658612
1234.9930993774637 2707.567697713854
8832.158110287939 8440.30182534546
8786.962999282108 6144.492792991874
4722.449201598228 2069.200335458671
145.83117001575997 2263.772520987303
8239.029231334882 3714.5237075095283
6393.377211796063 7138.503645073066
473.61763159761483 4128.6208993947985
8278.969015708655 641.7666487320583
2765.2203313235223 4813.477986706089
4979.671740202774 9907.013200106747
9533.869179735737 1676.3290738898152
9881.658018018905 205.44758808747065
4263.3720114583275 5639.430675035167
3560.802614760146 1314.4965945506958
6271.840005625656 8345.36944275352
2203.4560895607724 6044.314361808375
1888.893808696972 2408.069971110982
4324.695749301196 9014.88253070762
2045.4844332938526 3751.416633629655
8840.596100896917 6582.806018185386
5121.6894054299955 2700.7519957004934
9863.752104227475 6929.1177718760955
461.65631435396426 8661.84709715562
1427.9073965587895 8923.592118683806
8710.728478309815 1044.1077942103216
4403.881822789863 5126.081048556422
2012.7897298718622 9612.728116580181
610.9351322546386 6005.8709755545415
404.8539158551512 505.11941383348244
4888.536676004583 5251.354535238791
8085.743795893606 1282.4422319179173
202.96591383201834 6923.992422457349
9673.938988640404 5200.4749779431895
1603.462218220264 6791.6991107389895
7312.318787548695 3468.399707594505
40.36363992273806 598.4857128320253
4569.865345362448 7641.797508619107
6052.676243442195 6047.52044078009
3271.6829568662674 2019.756010760697
8825.355671688294 7868.021728892251
4283.935907443808 3836.4430915396797
1049.7507866837407 578.7878304306415
6125.624596191522 1019.035262537068
8315.194734466566 5456.699616109268
1931.3507150336407 6953.782058104632
60.00257265895592 5751.417645118509
627.5493514404195 284.46401661931463
823.225120577925 9990.372410457694
2751.9514997200536 1009.6840713304312
6207.505203714507 484.8748666086344
6676.068634237227 3545.787822944315
4056.961833852598 4138.2018836422085
9981.100776128887 5035.72873329159
1643.4383537537256 7843.504119824386
9435.574847316131 2408.3687352059615
3210.2978664233706 913.948090991028
8420.343162045268 9044.086035457378
1778.3573468226755 5848.832306643854
5282.425225013304 7620.755378673693
1216.7755980294958 5994.597263817482
4017.9335117359806 9964.751864262262
6642.786763011525 9560.644787269628
4559.8474593268265 7368.718773238148
2559.8434073233357 1679.160322014055
8195.343453525562 1514.9333722819104
9771.789697047621 6462.640724340415
7303.1181422679865 6986.059805662915
8073.949355316185 1774.677365746784
7.738622401413098 8068.800933056096
2333.4732985207816 5166.904273382188
9866.912416996902 3482.7666114043586
4912.162489423756 5867.05194691697
8900.194697614748 7631.888145538589
8251.921616148193 2216.3887434989547
3193.56194338729 9842.78907695353
7760.774111415245 6331.368476647635
1127.7368392774024 2981.541551495649
2751.309605220279 9406.570943500536
4195.003456960141 5985.861858227341
2307.2014791379747 7773.256432125781
8771.288483125201 1184.7080891860162
3269.396459569259 934.0061879640893
163.5218637599434 5641.847716594508
9707.594749489352 1203.9381966750195
6803.9961550386515 8142.514367047477
3602.5777363457014 5592.08865426864
7969.094510761779 7940.66905032926
9863.029001499217 9604.79282913877
9408.845999579073 2042.0731123554635
3093.1425552250535 8373.322619086955
1450.1228848878056 8985.613495931142
7707.908883402328 5819.352254672877
9638.706207475347 1601.6169111445477
2219.4587465523673 6039.831460384399
4326.049732944759 4651.357395393902
8040.1401549953725 9028.66403228044
1119.5710954417825 6577.929043227258
9032.585037298473 9252.552177316347
3096.2485294573717 6084.30098329532
8405.35082954935 276.222454003775
9805.408037933972 1471.446285739747
4611.217434089822 2092.972286526972
7247.479793944939 7470.204419061688
661.8556355751914 5999.647678156729
4894.554868829098 8541.223941698805
6996.089615181209 7933.21960913556
3715.892776862856 9174.003524155858
6293.4999248208205 9943.143285093696
5498.200624984523 8030.135785627259
7241.589550946048 1692.4287737150278
4010.6012848527207 1124.0039754473107
8323.658915389698 9380.634307044467
9735.374154817102 6329.606764953647
2319.915211092939 5708.816645914388
5913.867704536499 1554.2549701894382
9765.445058048894 1844.7123358558727
2211.793093006127 6804.519199605321
9554.771730279363 8777.997694953428
3243.6531142139834 6821.675825577421
1603.731104512305 1147.4495964644505
8226.12870329136 4356.038287353566
3994.267415605397 5595.385228269719
8394.33488297107 34.041689566147724
3061.312347305828 5320.437856163569
157.07440205455003 9745.512637748969
9961.097969504348 390.0741547740305
4797.955149019065 1100.098443004317
6971.966533758606 4784.741158218354
4552.166130080637 6107.870472583504
3952.644384180515 3667.571469106773
5074.6793689035885 7012.253674434047
449.3283575554563 7003.963676380101
9938.799916527907 3904.7306837550877
7337.226601085869 45.73427270335384
8092.367059130898 8654.071016046324
8624.347258187176 5067.781970816607
3338.683374438672 3820.189589032543
4733.5007330456765 2431.2684509130568
9037.452299227954 5370.497858469909
2745.2697212618527 9314.12916012157
1397.7981354007295 1336.1179232415877
3133.297165802479 9767.744507790789
7874.4496589354385 6415.055721171982
9858.119031028182 7772.378774370509
5515.405845151997 2231.0169296329195
6693.206417083817 5257.918249334
8747.033770430719 9994.20060106996
2744.171766371467 8425.04654597158
4509.29132079981 933.4779350498834
6142.913772627825 5538.0754823791
2467.0674913387347 4974.722852945729
1073.7990168521694 271.1067415231283
854.3371571640246 2556.5825366115523
237.36641247115165 9801.988355472788
7192.731870961406 3672.178790329872
3251.583330498623 7482.612418556922
8521.401796742362 7456.791089006355
3297.657943222165 5120.091939282672
979.7279108902923 3666.0507829389576
4051.2762722578577 1733.0647605428073
1239.7352900666992 4262.575855764848
1315.9924302695713 624.7034579527622
2084.0351522377364 8512.506601612728
614.1757899420097 3993.377697892041
7514.764767461418 7981.596427710256
1410.3628641120501 1235.1509301271547
1429.4097803748064 2123.940280312342
20.400059979397422 9529.662205198807
8108.669235915232 1294.0117245422732
7177.256613570791 5429.946573419562
3201.522193663631 9820.35576325522
1825.5080598770667 5982.998332596055
5033.331029073239 7155.592179520629
4956.646713142157 3520.2216083253834
3492.1839509658735 1139.699703124697
5945.550479542156 4279.3253544105055
4690.682485977427 2898.3185090720763
454.7866991606397 7536.507766876768
6248.812968360438 5113.689648078486
9161.279937995805 3223.16128228168
4093.2829786443926 4302.597147536442
380.59816634005927 3219.2851152939584
6450.258893019482 3833.049458807196
9511.262909617417 9106.680460094112
7619.107057542677 2167.9782003840896
8784.290516742558 8128.243535473522
9106.127581600138 4329.11758737087
3134.9008199416417 8628.56829761801
3724.5702666824122 75.9582143386417
7155.726939192527 9766.804935860924
2221.6329053419413 4162.250766210448
2518.670798608852 473.6241000078523
5415.55475135568 2856.4607941048757
1668.572321067604 9544.312091309741
9830.374753990754 4644.480261240158
3094.1392043300343 5458.311499653586
7010.644142718398 888.9370548034047
3753.6640583976878 1461.74606506705
9367.243525308155 5390.614437441006
2647.3856094208236 3173.3300001422635
2295.1926011646274 5004.4102041349215
1866.0869494628907 9941.962644939636
742.994317731317 6253.808154294136
897.0098034507446 3777.206149103417
3519.690044776057 5819.4380926418
717.9698500801323 8879.946975061128
8687.811572240496 8299.413091235183
6660.3768991153265 7139.758517154756
948.6585065977692 9681.206138265132
3677.066806570163 9762.949017614954
2884.1064245027624 2190.932816405423
7080.583872203349 1964.9189693261214
884.5059317216708 7077.924704571087
928.2850859970315 5250.305805328214
8187.267581017598 4158.606261506576
5192.908558889736 1215.3217616918698
3419.1638841883932 265.8793513516422
8615.871674519216 7124.271220560179
3614.390258733725 6851.042415421706
5950.527582292037 3921.4163916510593
6998.630032948734 8474.101076130952
7900.42805244515 6897.103273481092
8009.961883341061 9529.129864714914
4417.016671478191 6479.803222602627
7671.376994730311 1015.6123763562485
1579.6864839090906 9629.937183129281
7413.554227541617 358.5307945010219
9755.430359649998 366.2113353590679
1739.4857386891026 2809.3197242012934
6039.952940543686 6437.347728400608
1021.9462538980495 4457.895566178374
1920.973300049057 7227.879919359023
1924.9108050706254 6942.773932421037
912.5836466118386 9966.760659401883
751.3697746359837 4546.013941775889
9579.921895876701 5869.456355274315
3210.39642870698 2235.751518934291
1162.0725494737183 514.3704932831849
2956.5912940408443 1207.4385056940573
3945.0596721822963 4606.922531785065
2663.1052572066737 7064.922235292932
6125.014324597051 1447.1192092234508
8467.12912682968 6920.130878147056
5284.16172012399 9144.464295565094
480.9335177368501 1207.406443049225
1962.602165639551 9024.866203213396
6368.118204642734 6683.7364770959575
1529.315036649238 5097.085679316644
5480.995490078802 6762.399107671734
6288.524166522906 3236.142454365597
7496.931038554841 6174.7357337574
4615.995153068604 3506.0598128099728
7167.131450169658 8498.68925612796
2869.2532740899615 5008.51338290681
8930.218607989857 4161.959250443245
4701.937965375383 7664.098774598221
8810.33857154091 1894.2101807513245
5680.880589356117 8409.177928731722
8084.176569856082 875.9397905181621
2851.6506467697545 1263.4963355654627
4224.33962880156 6036.9786253130005
526.1790987352855 4953.820581856314
5319.690952611029 562.9205391890613
937.7082643425106 2570.816507816348
3508.0206458355688 95.92349938931655
1740.154910426076 1372.299395796126
3959.7777361310928 9126.255059961832
42.41977209536118 1970.5968124978367
5621.527957910033 3040.0269171421746
2751.187632365644 37.903697078863765
3995.3712557613976 9547.726450714734
8781.68802412139 9534.853049243606
3033.363303192125 5971.037143884201
9126.20864147012 5660.01224948109
3282.8253689141175 6875.365246335707
8488.335060415802 7694.834730983258
902.6202426406583 3703.071782498699
1661.8589982252806 5017.338066379476
1048.5386720241274 4314.227425281368
916.1810424226102 301.51125641979525
142.12827099138403 2637.208630996383
6686.0347523944165 8948.949421221128
9473.037307696615 3897.8807872469756
7405.649765648144 6485.061920648595
6482.959409386226 8820.974484686696
2322.0326940761984 6536.957532807129
4042.988569304198 2439.580723745931
1469.9388317338303 8012.907480034273
3263.841279408617 3837.4363568290923
2677.5029748734714 9059.717418465894
8906.85136257928 3251.5810206831165
6617.020282418098 2754.839146802215
2009.3202373071063 9362.151488567204
9740.606516643453 683.7864051242503
4466.512152752051 8116.325018766723
7544.499638129864 2253.0769745263156
4931.197937101679 5907.768365991718
1609.9257608571138 4516.603438937666
5624.219579704206 3218.398750177559
4336.378128023649 4522.980172632281
4535.7787897399 434.5906511587061
4895.632353588134 6747.075368844628
8529.780161665129 5819.230047228082
7034.556025779462 4265.4166374168135
965.1205560942822 8611.003932428857
6233.635296766439 7287.979573307044
8987.012715420658 956.9220842446935
9680.757037656558 2189.7484287492684
3723.708186577478 4979.406826182714
5050.7433381861565 7047.673686351669
3294.4806332294443 6645.554797625451
3891.7409787045467 5152.688540228204
1820.7661407686571 8658.30846200269
3735.551816245781 7888.601772193198
8405.116685283856 3822.5429254605483
7492.944944953058 6166.416359240315
4540.137684861291 1101.8809524947283
1881.5075404924587 506.0997291992586
5255.412085193054 3907.3344279761636
145.45877966734787 4284.418472108619
712.9030486404675 1256.7427912803587
9956.817341125296 7179.88012163076
4139.99304524217 54.66942838167288
5286.596870580541 2863.663302486339
9589.952705565702 8779.761286681585
8076.7232912206655 7427.331353796606
5488.770777658241 5258.269289926702
6994.458250712332 600.264959047826
7704.409655252461 6063.560612102184
988.5936883805946 3358.8068038291385
522.7602565305533 7635.845434679208
1932.3228398120973 2925.2863563284336
2742.7215959718233 7300.9446098569315
1099.1450064779306 5014.8793874818075
5804.531240595051 8874.142675027164
378.8797303688496 3895.5392266178123
7684.3568107695355 1392.5737591727127
1388.2700699216355 4692.3916669152195
7186.571726635466 2195.6285598783666
8651.063909953664 6125.370375843885
2577.953917283814 7315.714749447217
4172.332424314142 3477.136161784973
2935.9599862394793 1794.743640688925
9874.584977310518 2944.1067171160885
3500.9962995632413 5857.687973675881
2195.141335857326 8736.99003434781
6269.397143017983 7950.116958137206
8284.336292934282 275.40496077641865
8189.957470647804 2182.422375768389
7574.249746268495 1096.7969313013425
7542.760265414743 8359.194714674877
110.283792328566 470.09588379939294
4285.07879606772 1511.8999506857112
3496.0487172853327 9580.102159310332
474.2940556559583 4810.83633596514
5802.526682750491 2121.5618499139387
5794.838705623792 5451.677609084725
8485.556202635704 1871.795166914726
9972.559719352268 3406.7283815558635
1666.0009902889306 7483.635227861238
5185.747189580844 1618.870492337543
8994.02600040391 204.64726739407357
9110.982453355993 3119.302601176319
2564.803154434695 6993.280296230419
5821.258697059999 6592.716161512849
4485.335497182631 6569.997919071275
8401.760559278226 1804.7922462589327
1232.076603637261 4584.254306569002
6200.630738637318 3347.65605871397
1606.4717622683045 9011.019656392411
6981.32616291566 5234.4403059970155
7895.389800739746 107.3341168534081
2975.692016973385 112.5113791535326
7478.637107834335 2695.3328400321275
7855.776631527686 8553.036143646608
8097.890474903229 3412.2974350413137
6535.533794937543 2351.960397114643
9969.653747648326 8796.178344239876
8613.236820822753 8535.610735893188
6724.143672297103 3473.6974884629212
1237.1141915167627 2821.9579905511805
4078.2910038779373 1534.9454430978105
4905.496379923453 3560.632187372541
1113.312781625896 3962.52241088335
9053.908400179373 6027.991139995604
299.09141616234035 8900.69784996739
3850.8753204215327 7926.300634829085
9341.117951995731 6796.242891874988
7474.061690260538 7072.871626530598
9802.88710023008 6816.025401727529
7819.360875438596 8204.623765218637
8841.186915263293 8639.50946052741
7569.771105863651 9490.08396341181
1139.6343157928613 8650.890128020164
8399.674472614543 5163.370996296027
7063.799906952093 2319.851357460978
8016.649867841135 4669.836241248626
215.06525857181714 4824.834968145118
5019.26776457882 3000.1051317144347
1534.7769777405229 2959.0255548013934
8949.138600460301 5674.369628496767
5572.874743355612 2252.6620074797465
1037.7938316156333 8345.993937642766
1708.6574226278472 2675.4920686203686
2884.9198162924395 6049.1238261480285
5389.405003907407 2144.8210799367753
6175.359369192917 959.7889293354889
7192.5301485654745 1375.5345813562358
3109.1477872238925 3447.7446262216936
2052.259396669938 9882.699263035516
7902.671236852216 1968.8429145262398
7183.216189998348 3678.494102741405
5611.303005511507 17.084871107186927
2476.6083093957027 7565.552460734818
8950.221436628699 4739.367930172652
1848.4635787902016 4643.227491229453
332.7804540532886 4556.980921744155
6785.335717456666 1904.5810350981428
6152.950278367783 8836.903338800968
739.8480157252363 446.6576688109669
4474.450955545306 7691.243003501967
215.65080199961506 6439.855526251944
3404.5978510417654 1581.5521005301691
4167.435610630151 2521.029221011708
1391.7599661709557 8576.61845513236
5956.799712772115 6151.793363547635
9358.431500687464 4581.1337707146895
1650.6502450771466 1246.358043595951
3442.069126330195 7817.57376507479
4111.442933344733 410.9330870856187
7756.813088023945 7271.428341676551
7855.504203601972 1073.7299777665687
3783.8579112540615 522.2141003617297
5493.749558005595 4400.072357207565
58.851471090831666 861.8914895092023
9187.402783421847 777.9426955489721
9792.134563301614 6800.799126755825
8402.80914903219 1227.0727552449766
641.1546141780766 8011.066623838778
2721.479423917238 6481.421826766478
3097.6999096515356 2916.8413985833577
8454.66517146622 9647.988560353777
5566.6796076839855 5568.667835555242
3044.54908998686 2598.882420475481
6097.421195512667 8150.71826624803
8347.315730160235 6362.03880573197
417.45881087534076 8056.908501819246
964.5401588920898 6941.649679414451
3540.3442425852304 2151.461546703801
2294.9032659835543 1737.8088325427054
5815.874361654838 3461.721392217242
5487.806201982703 5181.626011811789
7748.8145902310225 5675.410804284416
1402.9266536517903 1861.932283303046
4109.4714733666115 5220.183898044122
1787.8380674812056 1740.4841419669392
1838.0045414201852 6746.399952385655
2894.311573148688 9450.9384559219
8641.476737933877 260.7138484247939
4394.430270608105 660.1312515042001
6075.594574669321 3822.863627772586
8542.863650039932 8507.714941153732
2215.025658772424 5975.4952186565315
7972.623933219739 5290.846748388265
6332.358772050907 9951.829408127966
7280.027252954123 9963.310488042345
3963.5948092435247 3108.640796099361
504.9630896240898 2674.4325668050474
5698.977991044335 6834.266263465884
6915.540101491535 2856.9488202680873
2929.095024206868 7132.330650192874
5651.694819117938 672.2549980022995
4010.2829524465033 2401.5903382859806
8548.524017739192 5466.300830802292
5316.106996405482 9250.021950539067
1098.5765060417307 3110.0822217676337
821.0286888904195 8177.946596431901
2559.995894215782 9101.949671381704
7170.085166726305 3128.233123510119
514.4430710467773 9692.484802863813
9068.569686127099 9135.253283616139
4008.391717317379 1005.0281000394446
4669.155187756411 6014.357157981024
6147.23286276777 4652.921993371997
8920.222454686602 1907.4589763255478
6012.6155539886495 495.5137372103691
5141.739594314613 5604.9788529897305
8507.792769157268 2946.259768954932
6086.635802911794 8944.48943182778
1375.2868410268816 304.7059673732311
5624.943584845749 3431.773698316557
1330.2726194881009 2685.0832638258657
6968.160762053183 3.65805495939564
1164.1431564649995 2924.4665127180238
7561.767678549025 6142.059093065864
8915.895128075717 7943.645602737411
6142.240764338925 6885.070049587461
606.092397240603 5271.3203268917705
115.84981215655988 128.13829977437962
740.2724531360905 7503.23273428601
5736.525809101381 9086.893069641055
8431.35620343964 9031.483792880324
7230.603588433983 2312.054222451234
2500.4293421001066 7257.182791265942
244.16500055794432 4354.964147847369
9851.087554272923 5988.046141517648
6549.321306604852 7658.719609577322
8730.330714943648 9760.91781233175
2744.2756565351556 6274.722885969273
2855.928830533514 3942.876569605116
8583.48662799412 6928.935807419239
9032.178123385913 4575.518321851222
6893.600548928601 1134.5502361041515
8461.116827022008 2107.723781788942
6217.418030857168 7930.536721307212
8217.925202740975 9526.789903569266
526.6137432011797 2008.7134906775018
6102.567881930432 1427.8816546088979
4014.5013643339776 9786.501587631927
3088.002020992039 274.72834825598704
6448.1109204905915 7009.454622462777
8971.147203645472 7283.396398137763
3718.934328931138 8362.97948692206
2738.710207475974 8712.212825714936
9646.805742164734 5040.899119616373
2517.4143220338683 5799.475000676083
5426.245991293892 5938.608982694965
5560.786471619395 6146.296901751148
7520.791247330762 1840.8048992796798
3465.106134892334 3435.8858317679174
4041.5287158861493 2825.4005983008947
942.8900934082308 4440.021141793367
8643.976187614184 3020.0038892461066
2090.586170589287 4586.416888127761
8972.550860396479 6308.387795585755
9758.755008344666 928.8891139833055
6609.309503031455 2473.6124793556446
4003.5545521364256 1035.3125553160446
6089.9474473554465 573.0490980006708
6318.573678913934 3629.454134672532
7336.975013152905 8067.169835972206
5034.625185415948 6014.798091690616
4739.1446823612905 7439.262044926217
5413.208106525792 2380.5065412090353
9725.051266341221 1059.4265018984727
9933.278373148856 2669.3218558564213
7301.478129302051 6713.0990525078305
1359.4480266514065 7608.639714284924
9463.04881109421 2545.4356142631073
5441.911434096483 8860.276782432216
5630.936310172444 9846.939388374636
589.4264764696455 1935.7976003576605
6985.424225993656 879.2502907494893
9751.223369391086 5668.778045604057
3635.672821634858 2160.498322750227
9626.013160899114 1724.060858011649
1041.2735065803813 5794.866179636936
4568.760062941338 3393.5524705751195
8081.84612925743 4715.141705913928
357.9189956235718 6192.877512158604
1377.3269364968498 962.6272090524645
8032.992860914778 2895.1219745847934
9704.557004481097 372.5048197822589
7589.466905796621 5697.105082945536
6916.051322694155 6039.015859433922
6373.480506231577 665.3254833461775
844.5886004237713 1808.4727685162115
2983.945391184668 4445.881793826645
7408.198884760988 8928.633824920393
3836.540161723314 7791.006172609314
8620.649255351082 4445.398731955263
1378.4414043499914 8536.376742603627
9049.281102860876 9627.408856583315
7068.371342334693 1395.6824620083107
7892.073949519065 6629.87403580902
6596.890435178218 9276.056593097419
8989.710797053018 9278.099954706817
5925.164278570159 2750.876623708174
3126.872895493055 8306.637769812472
8001.728507049457 8068.044840768449
2559.7420386786594 9767.98493770301
9865.123104703198 8081.404811277769
4680.339290920086 4887.843717338068
2526.810054310649 2889.6744218361237
2640.903233361607 9801.577837998573
2335.759842170494 3433.0889664512342
4688.849013115887 4216.726344759641
8909.307766172813 5956.332655686667
7792.035596189639 126.75529852286482
8114.4192325336935 7980.985903322846
2302.914944428508 8685.205599682366
568.2461419006979 331.9523566229965
6030.711401537493 2007.4555987069298
4774.195840922488 8601.815686520931
5892.150905474843 3016.5265058474556
9731.867801892728 6651.778979670213
9338.022825057007 8683.771909547517
5810.765287939399 1286.0756572066489
1147.1485528188564 8066.142187348187
4220.922826579827 5821.00451240321
3549.8704463995323 6247.478747754169
2269.879368521269 4418.258570433203
488.74584534283173 1558.204853379539
1850.4291828378016 6517.01842215565
5536.980946171759 3339.4750384388126
2537.955740736679 4975.588403564058
8134.731083920375 6399.737907340165
8988.66440944943 9179.202840404352
6886.6147037622395 7007.579100423294
1245.8150218688213 2307.5660353990424
623.3240843385989 8006.897235791565
1145.0738720154675 3854.079943850017
8370.198307530874 5714.849793246569
1338.5360137064517 6759.872653728922
8307.107169989205 5689.101192740018
256.1102520973024 2952.6583394304794
6539.107939729249 5817.8373950680425
8350.031521847772 6841.018183541822
5412.764888887259 3610.166143250372
5090.090087158897 7046.70014959896
4221.422185317648 8046.337987901763
9877.03197027869 477.14468784248675
9308.25560126183 9957.582570907905
5376.326245009941 3896.441202884919
5483.123960910268 3526.8769457660364
9149.94222669495 8052.41318340836
3389.6149586725764 5292.839430355903
7310.909671606767 2730.639969671093
6903.119536516886 5371.487954982803
9358.735415486039 1711.554098799375
3096.7828825746037 5768.928553592955
8161.960357700903 5565.6483436642075
1437.8339029754638 989.5663189482761
8279.005433292907 4247.0693000651545
2552.343844272099 8311.238666796457
8469.486706265216 6079.249771908613
951.4890245563146 6837.299917071834
7794.752562376364 1433.7142349285969
5151.924139286769 7140.576197055427
9801.348435482088 297.04523768063984
8987.130107678866 6534.576459744469
3306.0771775928088 1904.4248967651467
6799.743499369439 9244.954437648557
6943.033910468525 7829.3718593697
1738.5597669479403 7524.054853667241
7646.84120597378 6050.465633107311
3981.516861718579 3278.546694496296
5305.64924911279 4027.6916778475147
4799.162611779913 3564.8487322884257
3688.3602607747443 6021.633551412723
1487.3932233095388 3256.4256538088844
4607.82690390246 9062.72394608016
3214.1547743651654 3793.672500519536
6027.255154830148 4211.727554197127
5403.14904953399 217.5220799837163
240.23506026479845 4543.179095460476
2627.0941926786327 6384.36685069556
7294.446995351726 1857.602280342354
4086.0964589639857 1015.7154827850235
6192.347159506645 5150.147686285054
8807.570237452479 7558.876635372778
7312.33136228515 1379.1181469669723
2826.2969793205807 1824.042058544999
6221.476842985362 8362.089444446012
5809.393063169726 2381.3525238754273
411.7150662953606 8148.2136956910645
1409.1259435088543 3492.466057540683
2219.4634837943695 7793.97112774562
9924.538157999163 7667.156900273013
5148.1014337450615 3641.602019449275
2233.2453347616874 5176.040081903602
1534.9363252689964 2209.0675958041274
8773.11776932331 7165.430014208006
7805.703080855583 8309.435913074969
8235.229943430342 4943.131610119682
9976.967829713089 7188.190613718427
2303.120274046365 5925.607254275991
1633.892194722617 7483.31807478997
5361.386254570461 3932.6038734469457
2187.388819916136 8842.529020401185
2093.0613051766654 7784.331569776109
4188.52271524952 2409.757040989451
7572.390265213546 7467.390226413209
2063.808064567508 350.0659933587913
8036.801941323342 1326.2761878346175
1066.4151666946686 1112.9409598293428
9722.694842194927 396.49205523805244
2704.175155958004 3242.913731299316
3249.6758338957634 3882.955857150591
2679.8669221162395 6799.549644147965
6288.225413717354 6352.489928705824
4015.4955086310283 1093.6639792448611
8242.733835543786 9277.838842977635
4867.176838567309 2630.828117700229
1981.2643486005766 518.4125476687295
2884.3351072751666 5308.012090858421
2043.5158185134972 7875.366828481081
5105.364483652361 8242.929021309905
6714.665763882279 2653.78583542218
9685.326592119764 526.0469407072987
2752.166263956105 3460.7163067613446
3783.4914598956025 7872.509973531447
2597.507888452222 7447.825686030407
5234.420391744844 8374.903343007052
8599.489971165001 7778.056503190963
7071.093756764762 3454.0859914866774
5239.6777248686785 178.4044520870731
2528.979074149704 9204.404499259492
8231.273804621736 2728.2224548954036
1862.937443402225 281.6949181918027
1685.4267980377458 9103.163805877799
9528.779267985496 8992.42848350448
5934.277973991786 1149.5187284902254
2156.124618781903 7131.428515064381
7951.418255765793 5607.320822599273
6762.941038118667 5837.562996915213
3971.5470233027804 1165.10868764632
8440.546448341987 1137.4544481237303
6792.711331608244 1819.6599835092375
6615.566222162233 1607.8917630971523
4771.751833681089 6106.908403348136
232.6177851554656 5473.397000954464
2577.846322514997 9159.549491361951
7536.391038891237 3690.0350646665725
4266.752569703896 6512.796290622761
2712.3911408884906 101.25923714972006
6642.59288564429 5629.657556984319
2830.164517199495 9978.427737926924
3220.8661644627346 7069.1682962840705
5141.11311388461 9095.200412583657
8063.200849983826 6262.091021508819
5115.754443172685 3171.77761952656
1788.6076388166994 1334.5831420503762
1272.764095768708 5560.797651126086
6132.890140934984 2208.75859379384
3040.5621836597898 3656.686763410244
9991.978820823271 7747.665207294188
323.35809949501026 6715.427920058751
9938.995124968791 1788.4515837168758
9383.482620893627 2894.717352090692
9200.776788696827 675.6226890785965
5593.631019316433 8458.334793517677
4363.5544410692055 3586.9576486334954
8650.330268253985 3897.811708167724
875.773932811692 5243.155380447013
3483.181650260685 171.05106289335703
8577.091870698772 8366.453595135426
932.9673742656008 2913.047144331512
3417.832386576087 6132.165349616682
5130.481327970057 9649.80094410466
5471.1821696960615 8528.43550765317
3569.0432581324094 3573.727241443184
8074.993348325895 972.2728708354067
7071.502641136963 9162.288022010365
1396.8725371371615 2463.654289569931
6594.385893204551 4581.587447599914
3507.4584007687595 3305.5880595420426
5614.945883902508 6064.96041146895
86.00910101515868 9178.51574867242
5767.207830917068 5413.013418701033
2161.4747447610494 5412.694029429666
4271.21077992978 8612.269291812785
6331.191384189302 3851.421159129822
8870.719543586689 5720.787101895513
4544.691537363952 3433.9634020497324
8154.865521585849 789.7419444564935
1240.625859091572 8739.866329081775
1113.3046581949645 9356.369515176086
2424.9321164683356 8281.980002756343
4810.186372803982 517.4770975222542
6888.0275087302625 9785.836704717969
736.2567915565677 9286.46272236685
9978.67944640686 3116.7465767474546
8462.529642730406 1108.2727784464719
2130.642648036588 457.035749120126
4683.899452923065 4355.586364441896
7423.384487848675 2565.8006421782034
9349.539502912063 6849.224774812171
866.4876446842951 9196.181038424944
4598.513319029579 4117.387476725996
695.6674934014462 6908.528212132613
6505.061303522856 9006.224869642023
5522.905890199085 7401.8046690252
8612.113370679032 6538.785840049512
9069.582330289864 4744.979340298948
3432.534089820739 3436.090481743137
3217.737198922387 6071.63016272997
9504.732805179556 702.3950929832623
503.254192365068 6091.097792242044
1814.9661790476491 9883.482313304796
2727.615146866589 7690.703385946479
1040.1094638521458 9101.223971227691
5523.178272105502 5636.8127116457945
376.4268178169994 279.15606548941986
2367.234966662328 8403.341598633762
4006.8608528400505 8171.131496450215
3007.5999720760337 8648.592417295877
1707.721402047363 8630.453747466177
2734.124440057245 9001.548446897626
8888.527553012766 3215.7621855319217
2764.186567557978 129.28166980992972
9774.982739124078 2185.426251939697
7367.307905091091 458.83472589613007
4115.304568888055 6179.2998299353285
2522.5326325836104 9086.093424922256
8440.421986441275 3262.1425947481607
9693.11514628337 3323.9760399643915
586.417891316654 908.1810136970514
9168.766726773047 9020.14795587958
4711.365604029043 1282.446850368173
9891.355676223771 7472.954133349254
2353.322453713991 272.3262855608932
7029.817319706255 6926.7560666258805
588.3374848922563 6741.200910990609
8269.043898084705 6182.999401257586
7055.8367059633065 7428.536715074987
5510.89875949362 5848.174079418006
7613.00363812822 9414.892023674633
6882.51904136787 5414.323120352178
3418.682578874165 4778.3282472976725
2588.104955977506 633.5483886384862
364.99243140253213 9894.222517524715
636.9297095464576 8018.616024504905
1614.5095986178937 6929.636744721603
4297.313394152697 7416.604226037423
4018.626707299434 2478.571010849988
3715.9900117182474 7437.278658173755
2.0981017075838437 3895.3489597568614
4716.492114748799 1926.614626316231
437.47836829738486 2487.365211686293
8.332196089172461 3700.3240818108143
1363.3659622083983 6295.7982941320415
9180.786942788443 1303.2888486735994
1697.7124914783003 9073.721853008796
9673.240466200747 3792.7552970051515
3587.5478921894332 8591.964692214096
9964.60625427037 54.90604638822671
2696.3102307332997 4818.324810002289
7856.499377748062 3224.333869810058
8318.82050635391 9229.581412730342
1875.814444394719 3404.8335429378108
7943.384465736168 9232.145816866125
3763.3622478089146 9352.65449661974
432.0724906432871 282.1769985576983
2225.8672790060773 6548.461464618392
3021.692623729464 7361.6931721362425
421.4428511172397 5620.114037675942
4390.169612024595 6657.9259777818725
1854.0597972239293 8304.691343577584
5970.010907854582 765.350079422753
5402.816674442359 7701.7273191710665
1506.5659510265027 9698.073826151396
8896.244814512753 5367.5043503347515
1687.0350789904376 5669.272452388887
2959.0543465643714 5915.335340020656
7387.228174404682 2373.6516563394316
2721.050160357933 4942.949966326086
8292.494300260223 5076.623783452829
7440.788323392568 786.7784929702636
45.61024508405453 4480.2723773177695
5324.834134965521 5708.4890504478835
9680.581859343874 8274.08542859413
721.1834267335138 8407.34909316763
4938.7798215523235 335.6148406868442
8608.118577933325 8682.29626428217
2774.222444028991 924.3030153132903
370.849771542735 5987.401812790415
4978.748490161358 7977.628298990137
1461.8045724859041 8968.317036176632
920.3130095961798 4219.382153148067
3400.0018038889034 4038.777307219662
62.53167465336329 7478.904726753302
8214.704953466222 3902.606354941489
4939.326078552155 7416.910564953307
8419.4505318095 4576.421609350987
1755.8315684347347 8848.396228184989
4186.396298592665 8680.260825211219
7461.81492231775 5165.859464814189
4436.80005238542 7013.7564686965325
7710.592657147787 5158.492898725427
5376.698313216571 5623.406846138034
2645.6641247744237 7450.020573526843
9927.600639882432 4173.506461002992
3288.419371432859 7672.52404786753
4653.606298722315 2342.6799235624894
7757.896934041723 2007.853230052281
7051.912271807443 7815.672998660135
8787.366208263711 1410.5990282737146
6967.303561607438 9999.368727407316
2485.4318768758785 6851.22466029731
1586.678279721997 4788.592329531863
6687.489539488495 8175.548832866029
2110.517116799383 5604.7295037925205
5823.6334913543305 9602.863917815588
4745.925628074981 5670.034667861916
2894.7019346242373 7614.920324530778
600.8065893249981 2533.73696223837
3322.6612897802656 481.48455627654016
5377.653864931462 1535.2886861935422
6496.690993991544 6267.443605870237
2300.163648598638 6262.2170981153295
7581.533328788064 9299.940833010001
9345.834215187531 8405.403806879349
1638.15521476104 7708.4688795595575
3134.302591172218 3779.516574935702
8947.511067964175 2886.074968411444
4223.373242331134 4184.006250792501
7231.497921912048 1330.9149663381336
6509.97306317895 5701.965307785919
5873.001447430713 5965.505012876339
5793.669811018335 4398.650831192002
4463.160462395168 6506.4611661453755
2300.2455758020355 3116.3473588634192
1949.317080735712 590.4165367985181
3860.120114618666 1532.8367522802266
1276.362070232383 1916.4435902690248
9818.048285763003 153.22143393686426
2915.28028088334 276.1249299766033
2462.839071113678 5066.059380166603
7610.971668562617 4053.178697156435
3940.606976700859 8063.008980642529
6722.845855165858 3095.0717054942234
3819.7050873250414 9164.010359952083
1944.8684599105436 1969.1017486081087
6389.386098961922 3508.218486956994
9482.869955531929 4509.8873708333695
8448.88973015211 1202.1608533376193
9706.622010074045 5704.493072943727
1563.056015366827 8515.514438814782
1843.6576829882401 2195.168031065592
2146.3431963966905 7780.192646252149
1948.031374685647 5099.7895169330795
92.8485298377113 6296.892073049647
2844.506920870111 2118.70170329431
5209.981836604496 8006.667936826422
9458.874421827622 7056.403986164973
7170.902000759929 7556.604249144148
5985.270921779603 5066.895000740507
201.84328589071487 2570.8820922968357
4565.993910485213 5339.7241949800655
5746.513631736605 3662.8117948648055
2509.955879881476 9911.564150599575
749.6451665683535 8084.628298426094
5668.466482888877 3442.027388765161
3543.2284968352656 6185.8425293317905
4593.529718350825 5620.23068083231
1468.023452217735 5059.415990834233
2108.5915886381968 2973.369845480791
7313.527310238927 50.22281363120107
6652.203327629348 6087.7154140825205
7552.782403584591 3215.8326196979338
5415.003231325332 5851.186518352749
823.9277867151584 2466.9114560629223
3694.5979112796913 2238.3053537651876
3783.016176151339 2389.604107250004
4763.34196909705 9575.279260217185
8212.687938606896 7397.499233120134
3855.9795404324414 5023.0472245872415
2919.012134737522 4380.551702185618
227.4439528995631 3548.4075408961826
5451.979200648683 9435.920730666623
3016.596275942469 9393.439603304469
8801.79284071872 5528.360277190929
9178.609182828079 537.1132535628731
3821.9667990977237 3767.6440561398103
1271.8235717648397 7678.525991209991
7921.2301685462935 1906.0455918279274
357.559299618172 2776.685517277008
5504.31651316467 333.08761967797085
7455.04925371653 1098.7566052751663
6493.356134110181 2178.313346373457
6759.757203990366 8767.605799910263
2168.316550909406 7561.691550530481
6068.6910589356 6315.346998983557
8821.290885933979 7717.730780988302
5357.166120885149 2965.936303135457
5024.871776402855 8308.781630027344
409.08359284311246 2262.5610735471955
1357.256386233362 4196.463876475036
9882.71562241025 4506.056508314852
3442.6797074045135 9497.783317109295
8597.99620235908 5101.217892233728
4432.831927286675 7829.271606663797
7816.7416587021935 1340.9786550851588
8279.641073125866 2689.553504610509
3872.1860550351716 7544.923428166297
9855.373684313896 6806.855747691822
6871.490758718898 5751.125679022207
4434.063824981147 5352.333630974813
1744.9215919382866 8618.784364518791
4661.281978667667 6305.0170704291495
7404.855147488421 9959.587145355763
1359.4359438030435 548.2297935096414
921.4378469425677 643.9236544417914
6474.399098402955 5433.688033214604
6571.450469365779 5179.250280244685
1793.9075167690066 3913.1998319055315
7759.52921787955 8357.896907040207
4969.785426169592 6709.390482422342
7520.053603615836 4998.169135680951
3993.781933557551 4388.960243990233
8345.617730936383 6736.087290658227
9791.823857593547 1940.3320273414936
1137.9371755959567 3370.4842884924024
4505.774621856924 9957.210968865986
2845.6375043616877 9914.48733945176
1629.7969714252647 8614.411165886162
902.9526904005625 5962.950510354306
7436.053242796694 4817.140197905289
401.26177580440014 8224.615680251969
2132.374282616327 8832.08711055026
4978.068314110225 9613.458930978053
9760.45479864692 7934.109822896019
1101.0292016227509 258.23375985016384
5970.387454745829 2551.5944365222167
4816.980171091088 1115.310477939886
5525.8077876148955 7775.178854178222
7257.211198633978 6542.052158530114
1614.8350446255977 4960.314042555308
2324.030072781148 9773.275105423792
5133.490089493812 9634.610129607358
8758.796232702472 4703.145936323451
1127.6791200272662 9014.118878258227
3378.147229461085 1477.9242487119848
4539.4414191059295 5528.103098191165
510.506572674575 8328.984805453993
562.7915242686221 3817.427649114458
6770.384170935584 626.2594892346395
1055.335754092116 7076.999003291043
132.94393826283945 1467.378303665915
1656.5151049809435 4939.571828955375
2521.407572355493 2371.136446805454
2204.18770708098 2921.362242088573
5364.118579544291 5660.261498678847
6997.441701296797 2426.212542411479
2821.5532053308966 3172.4154519748304
7214.250095906975 995.4964478733918
6906.267890699282 7972.608123480335
2960.86903107875 8699.084174083851
5364.517770841028 2261.8145208216456
3403.939361674404 2455.07951158777
6618.606203214651 3531.651569317428
730.957680367047 4405.857756210316
2211.6776230511227 93.14222862834565
9341.17850073905 4483.011123135196
4508.720616401848 6019.995765644362
1412.4583945038794 5876.097365493228
5311.457322077135 2019.3869392522267
1204.1104900966282 7105.472261773899
9427.544125628716 482.8411584442338
5427.749259401684 2615.4406636093986
1921.407030930079 2265.983920558842
4151.571771057387 3108.732055430381
4261.2717170456835 6875.061867347849
9027.897155366145 3941.5850354985237
5542.337316077237 1642.5455580909654
8141.191819148758 532.8243187981319
8559.436410812827 7588.954171274694
2055.812536794238 911.2052563925477
328.73637963492075 5881.519992630811
8640.488496483258 1109.703971793271
9219.947644692867 9531.374229664769
8927.909132350895 4088.189988233577
5788.508937792276 5425.019309409173
1768.3760703571684 3353.5910502568854
1852.8854788260796 4139.990492193059
7565.2307454074 5272.1322365065735
3366.2588666255133 1386.236588513492
1061.3951065279025 9489.465852233352
1156.753360728342 6123.549567402821
3080.3969697620914 8923.811567560662
9336.377106985681 7595.92208757928
6029.580233412957 8886.914911135807
909.2138793471538 6178.828312669814
5252.94481740612 3497.600191762813
6162.746281284241 9124.027538234412
2543.3598042690996 7111.512785383625
7472.243563264385 6292.023514470593
2482.305876842392 4523.544889500658
5778.0115396855035 3025.0778850405513
885.5184699704066 5284.602483501858
6322.891064551549 2264.0845057709503
719.6246627177128 664.9115074916923
1306.1516393349837 5565.121924235391
6209.041487921686 8890.644572924084
9225.113364760507 7771.754368118484
3167.671706097962 745.8307319022595
5920.865042999765 6804.894551284993
4150.545673203996 9770.34500305838
335.74872384056096 153.45354236897091
3272.900572815344 9185.103542142675
4714.55000085167 4956.352969044479
5949.960463012932 4452.868160069814
2473.7491937392897 5047.4522201933
4957.518784315154 7230.34423731286
4555.980201552728 1648.941693043744
2110.053907420041 9138.188377184224
6715.278183800924 7428.901431075477
5765.8761937663685 3742.5396501043106
9343.67635181091 4074.2247902335216
6779.383315494631 2309.0933112347357
1417.9903023456097 6614.497245509084
4370.615550886157 6739.567469796969
9512.276809861309 712.8319877190692
5769.022061904648 9587.03491753221
975.0499150799685 6931.859839472314
1413.8612004725326 9330.982082613109
4026.464684530806 4713.833167211567
6038.6953682760395 6375.508885583474
9826.56050729307 9603.690887765782
1085.1248570957828 7578.043811466981
1918.647428956679 336.3417052658002
7609.935695473084 4623.574518405227
3846.479717201944 6614.810591145727
7423.073194618029 9438.07322374208
7822.188777387961 310.1612845112789
2582.371159179182 4631.707949132343
3544.40717073217 9304.8281279355
7646.38239974763 9445.190902861808
3515.8989386342078 557.4191562271891
3139.775142581013 7371.5478932681035
8263.388286685997 2843.1561860570832
2621.788606681044 5202.135352541224
2632.834250129946 5945.318919529215
1179.9401745755356 4058.3006979121938
1018.3149765950217 6929.978848343884
6649.684650441839 1975.0132697898337
9247.03466683941 9596.48357152763
9416.760248702727 3995.8161133786075
6115.832710591508 5668.167418525587
2148.942782847777 4529.6955591238575
8026.92397584285 2662.26282629057
8549.05551227085 1683.7734309157338
4922.39692422612 134.12335349166304
5244.567767940306 4655.262848667211
7986.823352539483 8367.998588371194
3436.936703557981 9846.87501520363
4081.165839161035 726.3460361756336
9523.478977417897 7366.581773094564
4128.500844671712 9183.151460986834
8124.826473096201 5512.1136714831355
513.4752199250414 6355.571898783063
6864.816359539012 9762.810983449255
2289.208754346235 398.5429141692387
1090.6938001592525 6288.930005982131
2088.014832226778 5123.411769530154
7554.299565795765 8581.96475616029
78.38761221898527 6012.0767149730245
2120.26257521972 3529.0109651461344
675.9103205691385 2418.919832103548
5860.612308955133 8990.04395333324
6458.463008800932 6544.941419024633
4382.221326646195 6840.405443784798
3233.134868427607 3327.9736521008863
1042.3952677511893 3836.047375474898
6473.5640377564105 4784.04660671563
6951.584607491045 4648.640933060608
7442.307841001943 810.2802743926707
2933.3099667289366 6168.1672903008175
4239.086397935428 2162.06414016068
5551.129820136484 1438.675139981007
4887.790980588285 1591.148082161712
1901.7184825609024 535.3419891593114
306.70496701979187 4277.860751312185
6670.831308756001 4784.348689147887
7843.315503311813 5080.573005558658
1604.773427643459 6246.218423235813
4447.043827996319 7069.023259030652
4303.443268099738 4035.886700049971
8720.740925765911 7819.322660011545
1611.665858116207 3519.724981839777
2186.345010440477 7779.115790749973
9365.512319837868 8395.481921311208
6767.957088930838 4349.053482751076
3657.8934777955265 4309.243813866406
7726.936753099652 4295.552342648603
3415.610947007993 6911.13715399835
9728.065106124866 6728.8981597345555
832.7237470912341 783.0775048839745
3884.166296032033 7286.555341697806
8602.60064567941 8346.137778922894
1083.9606971955495 7122.8852302253945
9234.37101307334 1571.4397218623953
607.9871351003941 3278.594559279905
1314.5807118723096 298.544079970321
913.430371265539 9492.506172913188
8708.359312188037 9948.14364127047
1480.7995378485916 3088.563290517717
8073.62004445603 4959.3683955794195
1839.0509974748127 3980.7046923417456
9337.278814374416 3295.8139729916434
356.8143106204869 9304.05571524325
482.76921523094484 452.9283684915619
5769.091584871087 3707.3125193294277
4082.03492136514 1651.9778916118632
2036.7435847351278 5036.69408542098
424.9932868760586 2091.9657629722224
1026.1542444045347 4332.692651603795
6994.748687984771 1289.8447941507852
2002.4409737428773 6590.308532559258
9499.265945179104 7021.7937774923685
1769.5568245431848 7115.161751318454
3865.078840833611 3353.8880184187524
8258.72185241598 7801.497259788822
8654.387176102095 9871.53135164309
375.6260783578624 3737.555329937542
897.3880641469689 2913.3758097406117
5106.313416431376 4481.821314404481
7633.412181261322 9856.638195601488
6122.6651182195965 3198.2605821765787
1981.0124759290704 3262.8547294260525
3534.4163797421224 3025.759195818769
1935.242444938967 5654.779739998076
802.9180733864861 8125.218655805636
3971.859732401938 6526.892612803605
2947.4616961771594 9017.148498845703
3965.0009392953457 8382.93821148774
4844.060591043056 7886.7436221121725
3595.8737237120163 5896.096389217773
5220.172118125926 5397.986531255754
4419.700149790976 6278.494107238263
5591.899571289611 4665.235367171925
8568.250949034798 3785.8768115873554
8650.569788524988 4066.293729875561
2217.418621969428 5413.235209372515
5260.775580297802 3104.7011338731536
1209.777978244805 7060.79112158889
3608.5941521996324 5625.291172362954
2833.5037761486983 3519.002686664935
7727.108845314573 650.8034606760237
6171.913385323239 8804.822954521236
4618.205925105849 6127.206417073675
8636.359267371698 8194.200424447956
4972.184074883832 1400.5593685321937
6517.062820655916 7103.48059678815
5269.542640251166 6290.829116709266
3029.905140624032 5091.832033958935
1366.1835618931518 1147.2157870873368
3084.966763913789 8531.658101744111
2648.4412008341264 5281.782743108738
8409.931792603582 1598.5219707796005
1657.0573230437712 2436.4174086111348
7283.3703788157345 7448.628258260377
5498.397777661052 851.4534249626926
2498.1013254526583 6161.288468873213
8295.183203235369 491.2879611830756
3180.8261971747033 950.4718377359089
658.8846930288883 1883.506137648946
1357.889956579259 507.7504503883135
6675.772843085169 2576.8229568687616
5969.3582713949545 2551.4540431361866
4151.455606411789 7366.69362530404
861.5753888711164 5186.329053869756
5114.896584777404 1786.9248296438045
5036.123162151333 5765.7797034942005
2472.869496402198 7672.450425435017
5023.990928972436 2528.995865596575
3499.8026287115626 1731.5830370500707
8673.39823972788 9968.585355890991
4363.8600233571915 8511.231241536158
1885.2991774543914 2180.3006378915134
4365.822383488844 6140.48248525968
3100.0131576080603 9924.912607697934
6801.957675157878 2453.7005342400007
9688.216330181707 8673.569009899955
4961.229546788724 4569.410650623772
7674.788386707145 6699.340541301799
6238.616233380519 5888.515394148735
7066.020477660234 4474.099830364511
1218.719421368175 2567.3081272733166
4170.350202207846 3845.546466537939
7232.833919020652 114.39890361301552
8084.97361464529 9326.410788081072
6110.9957464729505 5214.489698710886
9894.385374839965 541.4257185893101
463.55243327563466 3840.7095328359987
6982.026870222207 7196.234618238732
1535.887987639356 3053.2744654358467
7122.435828346095 1345.574769588136
5952.3539008002645 1860.0637335203917
7805.756590659728 2820.8371481020977
9397.107161830294 9399.577689810976
5781.258580119138 2593.5609520297976
9895.306887490804 9187.738851907863
7834.646925447741 9689.74335383035
47.464507819550136 3276.5121924718264
6629.000849142162 2954.88688653324
2825.6229847534296 2431.983635296966
9740.522101378278 1689.1908822557177
730.157845984809 8156.0654324373645
5159.9833338732615 1484.434465648249
6364.043791733169 706.7427567402696
9569.511361977618 6683.586051949404
2098.592699013846 5878.766260423115
3733.7369633785233 220.36431939859935
5656.670889243282 1007.0022607418094
4262.408285415045 7925.2028810328975
919.3226921265018 1596.7457587149725
4422.687604514182 9843.817209215047
1916.4390517487072 5074.172764732651
8783.942973199231 6735.284539719628
9444.513428536628 9353.117141579594
3959.168879215883 324.3574383884884
8633.895111463997 8460.430480219999
1735.0410534629534 9292.742026035883
2025.3699543314628 7417.29076077862
8747.748725432242 6939.495694906912
4250.19172548276 9179.270886913711
4566.117893949482 6043.490565177554
2557.0715673845402 4968.734856977112
7049.4694893122105 8707.504251910072
1615.7005662431422 8756.052880531086
939.0068622580794 2362.7118719418327
1114.5763168582578 6222.242715231123
6521.573844465711 484.1322845962193
8495.453068712235 5747.185683482845
9053.811353200144 6009.648853013836
8504.83625415394 5147.093872901221
6576.594707296418 4483.6147921524525
5391.526413256333 5655.136977137604
8832.937969319022 7006.198363706345
7733.508432708425 2068.0644160176766
6802.793416082491 4894.419405410317
3768.611724024139 6673.538859080451
3200.1628930644433 7735.006187483729
7224.3331573170435 1251.3308643847442
3775.566963039975 9953.242912252297
1955.1273761100797 9696.077384754351
4131.325865391523 9167.136210078854
6994.359534760156 4617.524395230776
2573.75799284408 438.14704302675756
659.9249470519453 9046.587685351999
8684.496026423609 528.4330236218482
3076.8198457683784 2287.8091460966198
5600.409286062743 8570.301539646944
7078.137697861315 3275.791445803513
5424.73875727027 3704.3782664896207
9706.468204985456 9975.800617690044
9889.04337756968 2067.9736659117843
64.04299266864145 472.7819086902485
7202.682376910779 2926.683909648753
445.20542238913885 1609.5555143114393
2791.063919446625 8439.323877511888
8110.921397253217 4266.235572747271
1929.4264002368823 1502.1567779552681
4260.855538659427 2162.56661642676
5794.798721081318 111.79011629425473
8447.796660902974 7889.285441093618
8735.478458354362 4607.503082719133
3209.2644926238167 8229.545707706257
5638.470071224784 9412.557951435407
2266.5720478995254 7070.474115342754
9768.508042824418 7766.20613418456
833.4844798213481 3500.7758577539485
2545.4114592119404 4734.180673679114
9090.907967893954 8191.843121339566
9405.24796065184 8232.42592470343
9768.882375287702 552.6985982698351
3204.2442231816294 8786.665004044944
7936.142177065768 6819.442565055261
2767.23126810421 142.83635977640375
5305.867861402633 1775.3259812978094
5630.724300349174 9945.304076674849
7764.33560510823 4593.894886003108
6871.683704557749 1900.0331303245111
6788.568735184683 601.0256178352602
2576.820713413744 7805.882264760749
4976.8412078545225 6762.122318942614
9133.282901107015 5755.283166986659
6068.687766915272 9080.027489909562
4392.999868285883 1776.7365711050775
8227.996367753572 2674.611337293331
423.2910427166958 9976.031826534048
7492.790730707756 7670.165332844727
434.22897272543446 7915.6540606411545
1906.3105844613715 5662.973089776646
6294.577763758831 7864.084841577848
7443.824381485291 7823.748551233648
267.97732225260387 5986.459711617938
8764.654155118762 4361.13980113703
214.91527244642205 3179.584466334595
2832.2685821022096 955.4714802742348
9967.923387071563 4553.419623918295
9160.924551413631 257.1260680667986
6776.588750856439 8672.548795996416
4203.736243924074 8916.298961046663
9501.830695845058 8969.810280190899
5734.0844741570045 6572.502059771178
6917.261219715799 629.2326685340965
409.77313766534127 5812.56589934214
9077.804265277413 9180.41886338435
634.7252216767141 7074.371540762766
5648.748658960523 5762.656930425668
1252.924343094286 2568.352136683719
8650.775497856392 9109.85556373945
1025.205863190145 6928.97011436271
2035.8735257578985 1213.0948530083285
2816.3919706725683 6256.579213098636
5981.830175638384 3072.002975070366
2674.4571016362806 5318.957283065219
5288.182912172632 3321.8071261339232
4966.601711589912 4784.907835917499
844.5111821237439 8690.422487528065
3802.497409354223 8235.52385978199
5678.424406672839 9216.237486179758
9873.180415937148 3946.0266742970593
4830.986181616757 9489.507791620237
4527.791387422193 2287.3191657006178
5164.163071231333 6079.527295864099
4314.332220583637 2735.4100843249316
4834.2894666874845 1296.996181048602
9059.817859211014 2642.2623853200935
9596.789436473213 4707.779751561192
953.9078918106236 2541.1229782806754
7312.403776303955 8525.949434997085
2846.490694304543 1423.5660988953214
6189.525265921697 1453.6108936182911
4897.691326005399 7875.1503586188055
7473.759447280572 6566.793901521563
8709.381404692367 2292.7622113851453
1665.9737278401121 9890.74474465574
8105.731446104945 359.84856052052703
4512.9223778936575 2105.7596048411797
5905.635747116312 7611.418428781723
1000.6440319796994 1782.6459721908682
7581.720373811694 1039.2570001843683
8609.490962693268 5238.893245338093
5332.218227595993 3092.8931425857586
8543.45844940917 8913.148050144886
1012.5710837727064 1426.2604787138832
1685.3543109185741 8194.800957874835
4562.15144686045 9076.613674086364
5828.550645356094 4741.236785506987
6152.217250997191 7170.542421952938
7514.175645045761 5932.1860917728945
8245.462042365347 9617.29725650758
6614.7993564956705 937.0584332709531
3802.27135204918 513.3605491196969
5357.34177942565 2374.725700784136
2931.1907280151518 8077.011818396102
7164.288532080697 4420.913374023548
9696.971602737241 2656.4100806060865
6692.401532234144 7750.607929019632
1716.2670926173519 2086.66676179213
643.5465483494518 803.5141927722822
1870.87764819448 870.7648955548997
4286.465788037314 4713.967264327399
7794.936488975634 798.2250746410069
54.01390530732741 7343.033515362063
2142.7771138469043 9027.025404793298
6589.25221276016 8339.635314212781
143.65001008020295 5417.313467615534
9829.305773187076 9663.781551927346
3338.626931906491 4203.456049755365
4164.081510476022 3883.447707869243
2919.395528689287 9279.256375562843
4639.932382069902 7455.66265138258
4701.399032592287 3918.345030448794
5297.32121544932 2353.4442051613446
8200.725369042324 8204.132212042268
8581.147190858177 9147.731978208061
6321.910825578454 175.129128763305
4690.421908922259 769.7113185203441
1317.047925892111 122.14640653231635
8636.238330553218 8139.560799778433
4745.17562505683 8119.199179304753
2632.7955647597355 8941.416874415434
4436.272024906257 8964.088891769674
2119.1217239206726 2969.6476735340784
2572.8099817560546 6953.518793257721
2648.4798837974854 1597.1327800024915
4065.800224900018 1266.2076783875254
7164.84014667499 5288.351956164363
2719.343961415854 2440.0811061543436
6834.434628087992 1099.385522568166
9052.568214555804 5983.310225150447
4045.9997405580484 3921.0512054915403
6822.044592210104 3040.3813249130894
1855.01891445632 7690.551254152433
8399.305392897242 1422.7122932429515
5304.645222299326 9662.832879218942
7238.931028738487 4865.778688444605
7881.2230826126515 4579.311125433045
9478.005789742823 1243.0330714616255
9916.547694808347 6351.466524674386
5840.150918238298 6655.155165010486
2643.45036944001 600.3441022749223
8596.9901593371 8842.932016800249
409.4798384417064 891.3586842321886
9196.916312629011 378.88321210474805
3016.636480470102 5044.793934419852
4546.821657368163 4322.034472100733
5586.403427993562 2119.297462235389
3820.57375707747 2311.4750812246966
6792.278600369642 2718.5756884454313
8559.305458560084 265.7520638227051
4569.155768977556 6157.536853838929
4799.660038323947 7889.337934199701
6545.257418219319 3202.2701733807457
298.3465520251849 9834.325101827399
1395.4166429709003 3575.4091086965223
3433.0539633915846 2420.692263066253
9776.933364371143 5299.307527870615
2748.466277319288 6065.16241558344
1828.2956593338374 1990.915406212066
8996.929165495083 3966.688078722037
3317.9986810318273 5674.074215196917
2462.4228438106434 1934.3196324951816
7965.186854751677 923.0224799548325
3973.040734380723 6874.089723342379
5344.506605610375 9781.374927815017
4322.493166759461 1809.9074376790325
5989.244612413233 3537.9315061706816
2283.0355206510476 469.25474831733817
5434.185186857404 9422.637370917282
5846.104773733076 7805.774917163642
761.7072740217734 4865.45438989192
3459.199387150886 4697.7179024611105
4840.84522873752 9288.07133281338
4055.512217084185 8116.067126958383
1173.3402542704207 5574.33843905888
9986.513263514857 4282.129954351459
1947.9637289310526 4620.573194494784
7409.9354220559135 3423.1211769687598
3850.8817279146224 9299.426057907569
8738.287002305937 5691.871004803204
6958.076970111845 4089.0123848942007
7228.559165913329 6217.554436640752
6598.925935197779 921.6407853075292
1316.2021387148516 1553.9790053466752
3029.4540540898065 562.2681874470492
7028.618448436257 5863.716778252079
504.0187343896563 4478.33856928396
5769.105541293583 1588.0354736795189
3421.0598932693592 7528.6751287007255
2990.0309777676625 9318.097296837268
2062.277322292244 5727.880775437285
8382.008085180938 6668.76443293908
2545.4393942365073 1976.5357310223308
5956.512203314651 577.7225633968685
1719.5407025268116 4732.668831589378
3077.5935624299223 216.22166744394877
1601.945147013807 8273.771680628903
6047.876750203935 8182.34080167561
7352.18465555876 6561.280952068303
5577.632003393273 5846.590317525014
471.34323835173797 3532.829642813342
5713.001154343934 553.2012533225384
779.2125827972096 9532.5078011973
2370.5384502132774 6369.594453918549
5391.72810005068 2282.5196280510795
415.28728897043396 5760.522888646249
5979.061951784085 9740.75508230629
2972.2068471149964 7738.823740588524
7562.599953194225 7720.462897400701
5603.1693354746085 4770.5505206682255
7573.867172398215 33.254755450140564
11.185049036620542 1888.9152707322498
9116.98214247752 9936.884356485396
1246.6601633556595 3910.0349542375634
7621.452791360847 8630.101825574435
3843.5190076636404 1161.3855756467683
1340.0914564501486 594.7677717596545
3588.4350394946127 9263.20560156261
8856.603705671369 231.89723055006883
345.6452489764106 9830.80405428169
9630.345478653853 2254.7706397111665
6285.5129525781185 2804.50989104403
8254.002206621768 5595.427436998416
7195.220509986309 4306.50804550286
385.76038009436655 7233.128179642494
4546.09706943833 2150.5689232068703
9274.7545005246 5331.448056314596
7653.124564096524 682.9119166309927
1251.427127417273 9765.452166835888
7579.022468540064 450.44183126058624
6124.697462043707 8291.885510899152
9016.728762372024 1794.4448766936405
506.4714461114095 7307.942653515157
1269.559844622372 8615.015831313798
2625.315332392476 8564.462448589522
2795.905330261317 4959.379889314588
1723.0811266013645 472.24229073030256
6825.102420142475 8114.254917418158
6900.135513974216 2841.5890458231006
6687.6548030325475 1468.8829119677093
9070.355067026932 4883.968065487477
5407.205328638069 508.6691374401187
4339.657002333577 4104.035644037851
9397.673585369212 7145.0475281219215
5388.126571066725 3212.6424500298676
5248.419974298292 6992.723234070134
5835.405016801285 8319.872244438577
7663.5841030604615 7017.364598422676
769.4589219223968 5367.573784837308
8530.672518577894 3381.3990312733213
1161.0489612464014 5605.408545056703
6411.218581015397 8416.36136981711
1847.7402339629955 1470.252364353486
6448.168456350607 7834.240181371278
701.1705434922188 7269.166808450625
398.52213952546236 757.9175936232518
2450.4576916997444 854.0449169247188
1815.6308700558 9647.561714023772
2782.4183175297744 6236.033521420011
892.1670901317414 7631.570460758636
4198.281353239798 26.61353781112652
401.4583843018782 9787.960248135078
4520.007451388416 2507.0229815356147
237.57246472033145 9492.563471314705
7474.451530487481 7868.047240175502
8699.501382984567 2999.3129636628278
5989.206591152098 5543.501170227119
6811.158874670395 8959.96548498003
5430.756525354687 4173.101112787907
579.7917431729071 2682.32058738345
9795.253315958464 3113.0661366132485
1432.3030491116263 338.96893902500057
1116.0752380599747 609.1572232145948
3997.5398605433465 4044.63805160866
5466.480320962 5004.627418836784
8014.906299052636 4473.389706895752
947.0076366036617 4075.710433067763
9530.25521345753 7321.922976692356
7789.795205230673 3788.8308592823614
4625.928633841331 4657.36655039733
6087.364607063029 3879.0758571840247
500.3633579207012 9.004898731609368
8952.720077857351 3766.966182415655
4451.596534085051 1023.8944273702355
3190.4643034493884 4919.296026058688
1041.95729621122 1944.0517034977045
9222.982877823852 1113.3112649844434
3218.6635415267097 3012.0415026098603
2350.511654895643 1601.4210395152418
2571.249259875251 5760.260576889148
2169.2931823410568 6923.794770161717
6379.440830737313 6180.287052977876
4510.487753393091 658.7632689985534
5383.855706127074 7222.205730605628
6465.3186273177635 5946.008764637586
241.38639354957635 6888.639802995827
1719.826040796223 1787.4755993110725
8476.632926979311 9313.8935112165
6163.380960861813 7962.800702276055
8165.7277829770055 5557.280188644302
4798.533585094964 4955.2580606971005
5783.868757224908 2262.2872698552287
3915.1781737110637 4076.534575629084
7681.9709707987495 3246.9495450975774
5029.0034524946495 8281.003835983081
6265.906031972954 8526.82341729801
3467.062903356436 8627.615238487879
9725.382172138558 4967.732398245121
2228.799127013841 4967.791425922989
4370.995286692651 1525.0737416122217
450.8432785301719 4646.73925910716
9654.502731234781 1174.3296901568278
3264.772112024026 1359.8848664351758
1877.1028271374812 4536.413540080274
4128.058411367693 8125.719168071483
4318.571540702818 3416.652986779913
784.7343032250864 390.4123054598496
5441.2266433571895 4729.5997187408
8806.875286857408 9699.636816384336
2141.4115534679913 8710.763979497793
7541.686292301696 6977.091457897332
8774.108794106316 7633.064098872661
1591.7959273459037 706.7989767116978
5022.002112098062 2725.5923211836443
7289.277823851067 9164.153312673245
5055.723084350441 6522.873956510763
6318.184113203958 1355.5463455528904
8429.582852918995 7949.805904327173
5492.22945457964 5846.6390522836555
1177.8092799402384 1778.1760040144768
8693.490847030751 5891.491707270436
6793.464884723176 8121.5664081371915
5777.183502601243 9780.858930938817
5669.7805124996585 5224.284880901573
1008.6426685307704 8470.932508404061
8513.098938003104 9722.041288507115
9176.241484827104 6943.5426792609815
9345.362605953695 466.0935436988523
3839.724220594787 6419.310714620026
6008.968136737032 6445.107383596451
8799.545780506747 4631.536899663234
8759.273189084126 2261.1024022739466
5689.481030270146 5155.4252623638395
3657.2544685681196 1836.1149286253576
1107.3182418655692 3193.76391630411
7705.065662101433 4173.7963726831895
6674.533494618599 5723.784153728704
3299.801787316039 4321.021460209108
6181.049023266968 6639.033013754253
7154.795437658588 9481.665593475203
6145.8758743580165 5454.415114369762
8127.822126285372 454.3005212960605
178.53186761996986 2449.399225983079
1058.5059580305056 6411.029500183961
3782.6042803124947 7495.838162382969
9535.46821609426 5155.68394047572
1090.558683895757 1347.5492500453868
3752.5623765751093 7823.490339977711
7930.714161818393 1576.2622772676427
1538.7030335443708 40.69566937233038
2243.902773616048 3831.4477663153766
1872.3067562725703 7705.707073315993
3638.9572233447175 4028.0233407293463
1432.3159494513739 5379.226627596998
3464.5614022215154 4420.965949441023
8368.094188406925 4060.3503437033537
8045.675947657557 4605.911141461999
8781.544718211777 8096.576532594016
5316.101728948086 131.11701973747225
463.69369371076164 5025.010862144157
7360.854627278932 9273.021344387236
5807.4524744505625 9005.115882610231
9261.610408362685 9533.539179971684
4011.1476959992633 7932.221685343411
2051.7023998076666 960.7939109864128
8315.588825123505 645.7433840218296
4121.307268746956 6276.211262007028
7164.072902890306 5051.38315839742
9212.860359215381 3848.504787642364
1245.600427165048 2107.101441160004
3371.721129958182 7676.352450780013
9426.694115813849 5843.002013422747
9360.3861723898 8284.289702162328
4630.844540482204 8538.0822889764
6241.033155550132 6949.982111585103
176.10178980348556 8111.488212856054
4229.670342054504 7572.605733426152
5197.69149672806 9209.675131070884
6275.874129792814 6516.2518286648565
9794.788646731799 1151.6150828672712
1918.090367493872 8895.737876968182
3140.3253645221575 1480.7604426937537
6822.798671883245 9038.668469092907
460.11723292582184 4817.248191114409
7558.491674607651 2606.5222691262047
9257.150416868917 2844.90905221094
1289.2786679467772 4163.335951155316
2635.4913021086577 94.33561756698849
8733.099002988725 1187.4072164896033
3914.2541004220743 5855.651418720652
735.6508785930182 5854.868238236477
664.0253758719394 7967.914456526787
7725.889043985148 3335.854928498633
2513.5533410910225 1063.0040953625087
7298.474399537175 1641.9281474862146
6732.728453872556 7191.196825312638
1025.1884758720053 6384.342919863044
552.5297149805585 7527.4425602332585
8596.919575199296 9501.33624723953
8617.883960791816 9412.434817151749
691.1264487050772 2705.824114483698
7523.443910474593 8166.413601367384
8382.421136319475 4669.453403505012
1542.7147194909073 7794.590553896218
7556.251424674274 15.73640716075353
776.9577365204383 8430.048778120186
1608.903400512407 7086.91947505661
8777.496261681024 9565.812264867714
2540.5338997983185 1098.0989782402805
2488.431524643848 4711.612670041585
8343.13579716593 6624.748306596517
8991.370886022045 739.7036587442518
8021.927642777391 8400.447370674214
3836.502416301533 581.3989765096584
6058.977029193471 6137.577256651591
9368.111215935565 9936.77846767557
5263.964982715716 6523.266507044009
7219.827547531472 2051.8110026893933
4823.131473514797 7830.393087911708
5952.645649205327 8430.843972860419
5211.049626495704 6993.393899418898
1255.3567415113364 5324.585388792197
1590.1879886316017 1538.4692002036493
4995.8348774869955 1548.0667003473136
1473.7041979607225 5130.4499719232845
5194.342764096601 2894.1264177278435
5641.298183642636 1067.4236265744553
2634.6839371288934 4078.3242049796863
5433.014823223443 880.7473338144234
7130.970692815646 6247.7889074771765
9224.380480081149 8717.91680847489
76.2879666084093 6278.178348233927
9602.249404968266 1712.767536293075
2694.730394134506 759.0648962242619
7805.372458495822 9342.041877068605
3695.8132483917448 4953.848675925187
202.47579088488843 9055.935106717694
7608.272731816117 7183.91545610451
2834.4066054801865 1791.0773745704123
6729.563276507707 9.773497490124239
2504.189294337319 1425.9210826829237
2483.8674365104175 5350.713751963537
8176.617600522787 9044.239887833304
7407.1396497942 5006.915607978249
4002.4288214379644 1534.0183053489775
1418.8399064685675 30.952373863230022
4569.487680371195 8126.264116842028
2531.4022324386474 1308.7671924566146
2348.8613057959974 3743.0429353394657
401.63796454089515 5815.372204504591
4571.054238747633 9574.872684199985
1547.8692518539328 5095.526142570776
7754.951099372731 9317.16577069646
155.08522099595078 3168.2973809977934
6094.940509241277 6550.784654817703
6005.388018084394 4802.858641995783
4329.198755487492 502.418123805517
5966.273952915016 5046.360333750837
4598.722137024639 9012.742965590769
3265.5024042717805 2904.19822849185
6839.190160833134 8159.4749047928135
4396.882333915295 1316.4776460241123
5985.632552431109 2368.5034541546092
2945.8763872033223 6873.663296376413
6399.637429118929 1189.3378321088799
1050.7855632995854 789.5167791493507
6299.132714389169 6148.500123032102
3663.3274041751274 7716.776814344268
4736.088101239996 35.59145263575702
129.61253274531458 2589.7782100008526
663.4522741602633 7284.995207241054
5268.025632940753 8204.678880448357
7506.2093797600555 9168.646330450603
7959.000085319882 5827.888287191328
7405.006237985967 4312.25749764634
1200.4925976186798 1156.834835697359
7160.212505595174 3083.1533342579532
2901.5984772619054 4539.835542106008
3909.599641095871 1445.0971861977769
1127.4505305306748 1189.8370030134308
1623.171912228566 8509.097565664924
33.54486980703064 9402.957369103566
6508.691553635614 9250.719149227632
3554.74386056963 7406.071331926547
2632.4100420518257 5753.539705112488
1543.5034740886833 2708.4555955686083
116.30834707962 2112.770694790067
3965.958507352019 2567.2294320406154
3939.681662171609 8041.795593445488
1189.1727544054897 1782.2798584567545
4819.8827525118195 5688.785259096982
515.6607698839443 3076.2785979590635
5446.166229355535 1305.665227126116
8032.458196958138 8876.25918574657
5971.493446978965 3456.780746920184
6260.9388737202235 3596.7704844863433
784.7505371009888 4627.064919404344
152.2565697293443 3869.0750505236483
6364.947519366236 5389.359225226755
10.889459568441673 1773.024559930264
1597.1125098951666 868.6590646938919
9149.665979931986 885.6498529342194
1577.8206817408548 7277.594306195725
4473.951793434404 3279.132809065446
8442.953546881958 1756.9309053604843
8589.993296329607 93.74089651703943
1670.6384938067931 6931.348428934188
7434.46213906061 9354.066556952765
404.4801529926567 4793.022781228176
851.0358694760678 7830.317032968926
9647.61450386099 4317.76428980714
1895.928256858328 7196.36362339491
1164.270806803822 8966.897193911562
4595.7073500817 9970.041832240593
5779.202736921309 8120.41853041767
6715.812692856051 3817.8722874200566
1761.5781168857113 5991.139576427965
6276.03842527364 8415.250664265637
9783.554032335669 1435.9775639662664
3851.553926965827 397.3715122082211
6470.4870997759845 9572.812444175033
4496.268331319009 4051.4276920030934
3726.2605496080614 8037.130052369078
2933.68086816 9722.073662254114
6465.334755309737 1607.5236920750058
6826.912430530933 3784.2907954221673
7113.671548058717 336.83725413046983
3002.5439923893173 7577.060495352835
5331.991571443791 9978.395869792423
7732.103464082065 2941.0689455164375
777.7688754350121 3205.0360634203566
7119.235547113215 8136.105962110447
3557.78850741259 6934.209875944421
6210.926072060781 6581.190479564251
7581.201614539659 6322.770358660439
7709.154670461735 6613.897990599306
1740.9596925910864 6991.0432015672
5102.113399202851 5245.546467968357
3236.489176741879 9507.027220497797
428.2817695696495 2797.3228250946922
7680.875389656373 8083.541681445437
9552.040987373179 8677.33545149589
4938.911824495349 5570.435385421862
325.9665961782177 3234.4444901062907
2119.263963245681 7259.710190239302
4154.810295778846 6227.674444450653
7165.24756869582 4361.523485222403
7049.95595363668 7670.774079884865
1036.373690628023 4419.843555229352
4592.907609874816 4528.732769665793
9717.263666228839 141.84847770483233
3247.2214124519605 2727.7811196516986
1476.4299871046614 1015.2826275445948
9105.631889960763 2195.6500707889704
2998.34588108282 3717.9893951953813
472.8790261553162 8891.186383696433
242.6771922353732 8146.671448343007
7976.320391084852 5172.868491954355
4591.220134472631 6362.6600806386605
2024.9625679270055 1182.1245563759608
2692.0637758644693 7924.125685645219
1044.2604825445512 8932.490965704535
5414.554961756732 8280.74682286205
806.7949087864412 1962.1450118890405
7147.479854415027 482.46986820017713
2545.01309520324 1139.7681181957676
144.76782368853526 425.92060278533575
8334.141060072388 3092.1655919739023
7576.801397894977 4564.880917307332
9908.405327000439 6344.12774677384
9220.608685137608 7367.811164431641
4557.726780229603 1408.5256384679267
1691.3870061026582 5487.902363226281
6195.192904521968 7164.425366706108
7235.526314904994 9481.256155569188
2144.928028432185 7149.385601544075
3449.1215759729166 2241.9484462384044
9642.541844380745 1975.4433950346927
3329.514748120599 2429.3475962845223
2155.19209479883 3476.1439918154533
5655.266303714133 594.3114148251449
8407.752473488701 5239.871566495872
6095.010063583502 377.29697917065374
3597.541820826776 4473.905544321501
9703.125275190549 5713.3437432739
1342.9058979350373 1963.350787704914
9661.775608044056 7315.930700812742
497.03722185503455 7811.753559262601
5512.729938470547 4364.912151119449
4054.540915343476 3246.9238931101972
2003.5572519857349 435.68866585872445
2964.6715224983577 680.6746710053724
7706.986023786537 4317.551370565874
5903.518326463728 8166.285473983542
7983.076165077303 7252.785425502109
8071.056565242839 4862.776269330317
5364.93329237776 7615.282800110051
1555.724463257121 4471.437625984515
1836.5143319996369 2899.287317107526
4983.750682028979 2378.9917751486432
7508.7715102416805 7608.737599960877
2646.0071777555795 7134.87007701333
9214.190800634706 1718.6916495846272
8700.250360443728 747.2074593452149
5593.218142602224 7332.266287456943
7304.888054799121 212.8326317713003
9065.308541073418 5831.655719044698
2974.862121108963 8445.883484167867
4163.886132373859 6133.481504784298
1957.734335055904 2963.3793460353686
320.371857720535 100.16349849349405
3269.141397643618 5683.550106008743
5617.618472366305 9068.148700803333
8127.486448213691 7098.423540343829
3386.1247736106216 6833.288042072098
5939.129675755136 2430.771582065121
7014.284644756892 4259.710679525811
6380.224916802677 8885.807575132165
641.41309091162 5100.378257787914
8008.702398218671 60.059853491769566
8243.215831173431 1258.9880203757987
9736.008401398603 7515.8918291352065
8501.997431929058 1956.174166563348
4390.280293685036 190.62933194252562
4713.692169234882 9133.760676422022
8194.02093814048 6039.137792262478
2192.3990797607753 3578.2103204654113
5116.725163027891 6180.151190125774
2593.76169994462 6826.63578584493
1861.915284754375 2675.9015855222856
2474.0009941884946 2927.893230071208
8642.721610977505 7465.213267496074
9435.866697778847 4024.6043230469277
4646.556773137116 4080.626965611178
8695.531508532536 2601.493838706641
1767.897865596637 9797.18605264395
8919.086905946397 1525.142618826848
3219.5655333084537 7601.085444336022
1295.555319634245 749.2942860146379
7153.916903863103 3124.1671945887106
8058.75896262963 9648.837488998026
796.2968715428798 3255.6004424900575
115.47648032544267 7825.465001159651
3456.4617935088127 965.9716163265541
9604.76145989685 368.8282960652067
2698.5799656425247 9311.144893420804
8922.30237831161 4900.242248509086
8762.841306325827 4310.726691882909
3472.3836057931503 5931.663862174797
479.2684559274063 217.06155363712455
4877.706259517476 9576.609396491596
4190.18660298673 6966.773374020299
1590.0271865894576 9445.151190716726
8962.967180967076 604.0291058100056
2138.626043661358 1111.7907593847399
4498.8113531999 8931.4541728116
2872.1114374548706 9987.603650376012
5006.284325739417 6130.733909367929
7872.846860331502 517.9748921281491
4628.800604057388 2387.2678913091895
8790.487061169784 6402.248429796373
8337.687144861511 3336.9568861703424
8943.747486160382 6673.040386730687
4386.98244371617 1878.7758610768424
7261.347029064288 8557.116508282117
3835.6527726329114 5588.624273939752
7471.002332782875 2793.6975008986387
4762.240388430988 1827.3535480942637
6515.100076210514 4254.712616682854
3827.8618059356895 5207.8917094953085
9218.483555728044 2489.2961664671607
3055.670437876158 8220.284216384665
5838.621469952519 2354.1852282355767
9179.45385537835 5022.874700923069
1681.286582839041 5199.448480162675
2081.1302008327725 2978.6574551049616
9926.80184354529 2726.5469030045706
6681.5209954045695 6372.559266482367
4205.874971509587 1450.1060419409084
8202.984561186999 3500.4884535268275
6101.09200494728 1483.6891629346715
3199.396435395959 1517.4945402827832
1860.5078487141536 9769.649289075918
7604.109353762199 8942.053166794542
2978.393560820839 1793.5761844111441
8843.46713438571 8270.608274214106
1788.8247231319476 2637.019351144725
7690.63137348711 1240.4197025533535
4121.832898306023 2420.98019794028
3791.7643308071447 5365.166754603307
4861.927756789713 9101.343185333531
5164.824419024563 6358.362597616014
1433.1336573370324 7854.452881829052
13.24014061220291 4167.263566550583
4001.861584029912 6975.55929448717
682.4858428631609 7097.8200771131005
692.1669582461399 898.1139098615442
7105.2624898860395 6126.3504544541265
4607.260641577036 4514.02972557002
5025.96507826861 2199.566376063161
7939.771995642185 6942.422224367016
6793.729023886531 786.0567140560826
8281.949752721455 3074.490824206655
7345.897035738438 7594.977762774984
5687.612417003147 9651.23558509839
3582.34044092141 2602.223739069288
4044.8690702802337 4447.3736820320855
8506.064222955218 2745.3984272262364
7116.285917189721 5171.648543359472
2395.79508128529 30.517326909507148
7929.02068738568 9083.857795162738
2454.7763518240263 2543.041705059742
9311.186441275113 8233.6200135265
8221.982717412477 7917.396868865061
446.20797779476027 3568.1163257429416
2973.480678242687 4972.087730301501
3214.389573425759 6610.1889693542635
8089.4981706082235 5044.248487692762
9693.225700147164 1076.8031927396316
7739.527075881682 2489.495472597961
9395.860814922822 5112.873531724036
5558.275501639152 8877.362659180924
3527.9717035211024 6969.097937505855
7216.730615774114 6210.179685832404
6897.747435209989 2608.9193301169475
682.9887137544355 4367.089549991969
4770.989568016281 1697.6175945353366
9120.793292433262 5061.000265527618
9931.418478212201 7942.934085808531
