20
2415.260109952807 5741.298102716183
4155.445920822427 6012.741745704356
900.2581918695929 6783.851006181495
8900.780718520291 1681.9726017142489
7171.711441767386 801.446396160157
3792.715797649212 7208.7536474033495
5582.791017064608 9365.126374113857
4396.12769286233 6607.916237503157
1135.4494239870905 6483.492553274465
1241.1376351133752 740.3687597622311
5504.870270657344 9269.958127971966
8326.139381303317 5038.4057584053935
8431.228973454321 3545.906651012145
7233.766040031882 8739.715128805647
549.0880684486709 6976.882431202644
6353.345093480186 1983.2610515601546
8126.930935972306 7053.969411438143
9456.491789981495 6962.266836700896
3818.345522913331 104.5546461128255
2133.43115626619 7163.840758539255
