120
2875.1503592781523 7918.694656299859
9291.053868027819 7075.172576509034
623.5518097595905 7502.706517235237
8014.520973996329 7888.880547214466
2155.911706731547 3763.787463772963
4841.802683567924 2384.987982816482
299.9315289797544 304.3749409935914
9239.792143701738 1443.1899450927244
9929.62693929054 8955.156771691374
4555.110793808369 2304.2497401818273
896.1934871529897 11.277922144460328
2439.7801089068525 9579.537442749963
6333.581063271706 709.8568614587331
5364.053052636588 9206.727887964531
959.3301352213201 8704.772247603734
100.01165384602939 4235.714808156194
1947.8736547372466 184.2823550120487
6976.583100249116 9881.897230751792
1606.9487243239755 6229.350765982667
6796.453960998468 6144.85569048845
5515.570947831377 5334.376107681555
1165.7729128410522 3167.7040645353127
3712.883612231277 8692.398687511588
4993.7132628992385 2305.4965273153116
5053.358420768353 3752.2754921860014
7649.3596018305725 1204.6416956069527
4878.57479964697 2807.5373542332172
6117.136479940945 3508.167122396605
1750.2645059739586 9982.384372078683
5345.547213263198 6535.377888165599
2611.8900518156574 8099.0468573225035
4826.814234489716 8762.793854389829
285.1760717487517 8879.300685852519
8454.36985434404 7862.499847683094
7890.616946000702 6411.627723300336
3822.1286683312205 2200.8709058931518
7254.290359625344 9195.572092650025
467.6735987752423 9955.108759042148
6408.117602811532 2473.252092967715
876.4219903473736 74.98524541014295
6322.84957486841 9524.830822697213
7553.072217001511 9156.712662551397
3243.4456189278626 9922.173682702067
5264.642137437508 7677.34215856106
123.64788044944119 4969.974921509447
8912.116059683152 6277.13294510234
931.7528184102175 7294.373490324594
7581.913628295512 621.1301061834263
6281.967686106385 9765.643040361076
3353.690871003018 5047.463389701597
9356.63127305783 4051.075929318774
8768.567051589229 7997.550855923414
8212.829982697871 4190.373592321241
7168.6176071640075 6414.697764651286
7505.883226619769 1306.0114259622223
2811.7816764133095 2929.68033013419
9876.509361022903 3897.3621624923826
8276.489772863337 7600.178586465665
9525.1886823224 4360.091021345162
698.8027191190505 3055.187896766809
2084.800019056309 2907.8235581584854
6011.791119015993 3149.580027042247
9419.120009862718 7083.758392012828
7987.722197084102 4766.6743679626225
1331.566790369042 2462.1462286450524
330.52708031507063 7729.598364723058
3661.748895396896 6016.74950656314
2996.335856190291 7420.208201405118
4402.044422984587 2949.019246030662
8028.887234822705 4033.5826870453984
6693.94782494547 5686.229517043272
970.1791981078755 4907.408808787548
5192.127864477283 6911.589660172206
5206.447511244038 6861.912132585871
7037.739556844418 5284.1417549219
3182.0758422861404 6405.08348089994
278.9225826878905 2373.7737229225177
5202.071935970589 6284.018618334323
7819.790842481265 5946.452021462838
1077.3890829557943 374.412889827036
1696.0045071204522 2788.2218807119107
4963.62733048042 2915.4643442079196
4849.259932793232 8485.711854990368
5804.554784305886 1295.6882499680455
6326.007627358824 8708.33646643062
8833.27714044247 8588.561488211059
3004.8942465275118 9263.406315276867
9575.187007731794 2803.5505785980777
1062.4624453602305 3478.7821495211556
6548.864959540579 3913.7874361515633
6881.669833671323 6745.717923541406
6761.4797654022295 7460.539059789167
7594.090760824079 4182.621413648912
3106.218696417834 9285.364810992245
8583.237187608445 8300.116440585436
5910.123441593307 6941.585301859627
1800.1020420392988 4956.074333805945
8192.675422871376 1238.8021776212888
9028.71871038071 7802.549705341502
2839.522378612749 3200.6704931302697
9984.714269604909 7065.539624989298
1484.741167014072 6775.402130869703
2047.9908117867174 1735.5659068594575
4430.177488614254 227.87916382495445
8822.273621493376 3610.077795920921
9404.13952667293 4753.368028510952
197.30649961071433 5071.271341803172
8359.886490667588 827.4237091684
6084.797640327997 1922.3929985594757
3590.1923697406623 6859.678060763712
8928.552776678616 9470.072271351226
5234.426106116673 5617.771912089207
7638.187119580411 8350.809303788548
5701.520190120339 7209.593239009494
4328.380823329183 2956.7583088155334
146.15738589925377 3070.211048289605
7139.398815799362 4376.8338813882565
7020.575183524912 3297.7114326580204
2353.298297627634 3179.9640001798844
8209.349758678898 6353.960488688155
