20
7920.576146886372 1987.4871274820682
5811.398266386181 2790.4219655539773
8867.327666091544 4225.31137787017
458.0082856251688 4424.309576366775
8949.032760811795 937.3183639376758
3779.81807475403 4939.2121791244845
6499.6858663697385 9105.941985972338
7900.0942746839155 4324.415860304403
5579.525949945106 3176.161645337592
9596.722684616374 430.90315690676783
1740.407053615809 2983.2452906646977
8146.163298078785 3605.3203848095063
228.50579705496642 4021.6565835102215
8197.056345672334 7883.3769996216315
6328.607620194254 7377.328350421976
8654.713927201286 191.2311537394784
225.99192780056288 8936.069272967557
5972.913478372266 8270.219806016814
7630.6303531290305 2959.1169158335097
6416.155822459902 6994.060109018225
