120
8107.959343543116 1745.116760583786
3410.8496197417494 1749.1451969387417
1329.114233010461 6424.340409159629
10.8273276765114 6556.4933515363455
8714.454101046482 6249.143420435545
3128.688011458355 6768.7292935132
253.3761515544153 6385.587927887404
5225.335142728664 3038.395069032923
957.9962842891965 1733.0683339519026
8673.655061357527 5641.087195522504
1275.1243013469305 6144.021659945508
2744.201288039998 3969.089017004326
6002.421405438751 4427.869478599498
5597.061845653717 7367.506265080107
1610.5627338266293 7949.176601334683
1222.5899182711696 1458.947874212575
2799.9472006955093 5520.594931609963
3161.4455429315235 7502.178608415262
3469.9800384977943 7752.445446621427
3530.5472203714703 5147.253852091496
3664.046113213183 5509.173748807872
116.87452204524718 7475.217106526552
5939.81373575982 5792.280512059399
7572.268234827539 1648.9843443031216
8450.78176399985 2284.1238570165747
7819.54453394089 90.83645308689992
7591.296867745384 6042.462004404352
6069.868710952256 9013.195781480159
2310.986319255971 7306.328273326151
6752.48358146701 2989.4959207608294
3228.1326213429275 5490.3284703924
9616.038880260456 4926.11670684904
210.88230814773289 6353.043334827947
3495.6052410689285 3984.782429685677
1069.6518898342056 1795.1396811573372
4218.404265413248 8055.4821786874445
6772.369754704872 5851.650808476207
9554.708402615752 320.37024688467477
8352.653574341366 1832.1156208390155
4015.99640763885 7955.442752434668
1418.891397151234 3953.7294258103107
1629.4288814445513 3513.2182786271214
1639.9119213745494 5021.598931038957
4118.226110308921 959.1607640928357
3427.9339876713952 8351.006948254064
2463.4219674171864 314.65444330403545
2372.4021462818832 3676.4740691182506
6746.661639543669 8570.295067177909
9427.149706766806 1798.0366896481014
1645.6558539767907 86.16116221646597
4601.258309712975 1790.848214552474
4161.734000014743 9035.71759250748
7523.327098023929 6672.032041330614
1009.952811650544 4991.678887227359
9527.12564299508 1976.80502837687
6620.158892327435 6807.341250724579
9733.309641067179 2135.9824418081907
918.2622199592716 3258.9116380977903
3828.753986844926 3818.726085246914
3149.3902051699097 2828.58001826613
3167.9715090484397 1222.1225989824313
8013.566296560305 2554.7374589507745
3732.413349592566 5387.877354329858
4401.1940257243605 237.08862532728082
7456.805124381116 1952.3942629023784
5950.227470190409 8969.789921040692
4691.108612678273 9751.28122569928
4043.742487866817 3189.8290163537504
1639.2383999848337 2911.801194313307
7988.01765740762 3782.510193719556
4335.262907815828 7973.773411225488
5731.528639012917 5948.476010085713
5143.291414312402 3363.763263528504
268.59649804109597 975.9106982099286
18.86378647864784 4652.51005400717
3400.6186307817566 9034.079747362885
8082.088400131495 4868.50371750417
3047.0690871533934 1325.1713151544097
5302.418783568549 2606.3958204177793
7780.878492481028 6369.899821221733
5440.130422919495 525.1917016858388
4512.625259450427 4197.910912645453
7.4266303140135825 7719.001711081804
7855.918584946947 163.79795210618275
6288.965857940154 6661.618864967663
8703.72708809739 4276.74190548356
1090.964292799862 2465.3451504733735
974.3921950658519 9835.78463639829
267.528262604968 3666.6672685960357
46.86377823219012 8018.386651108718
7421.254573812563 5133.432146561096
1500.3060287562264 600.2813378868321
1731.1664297401708 6096.349964577239
7745.991092002204 7121.136597871297
5007.697117642987 7480.4568240387025
1283.2878855537876 5768.910406280923
6866.730863651327 8856.35287847276
8392.379313547372 3801.3970125425612
3534.8812171928435 1237.8774819638916
4596.14205351586 9554.49330088071
829.5267543047413 2654.6110469141636
4482.910863518761 1832.120982218912
9512.981377839436 9617.619442174819
8143.721574484033 6442.831917794774
8428.330831749823 9355.351656141773
4170.4938364498075 3726.587355382006
8890.147554235105 5298.345805084776
4158.335139287073 7015.133087995166
7563.635574041343 9480.951061403337
8445.85999893067 9893.302013683991
7867.244064595827 1384.6165511909592
8300.87156944073 3723.910117350894
9457.725768973816 4522.972527705916
8162.121317968474 6928.532958864844
3670.645773718348 2254.826763802151
8552.602444070304 9974.735422598851
7068.551475092798 7319.236569887714
7322.568405294617 6829.900812153272
628.3542283678223 1419.8298682247735
7326.774881423832 63.41894034093909
