17
56.29909814471532 28.473741505144147
51.51114683312187 71.75447461223833
65.49748983998133 33.11673373776607
48.155603261831594 49.86039386183189
3.9277460578153955 41.64696635655012
6.513369379256018 58.59989610146336
93.39337078215586 68.92641604217869
81.26015666855827 83.12866537375668
28.80295264504561 67.163143273827
50.70419953156985 58.47356878308321
91.03469928022504 36.24529362581947
7.439234090882052 48.904620015480994
47.1561285598237 33.678813530967375
69.94687235806094 30.7416500515722
21.541110562638465 84.70717550973784
91.2863485164455 27.75629777128814
67.09695370252462 87.7589183597364
